45.302
18.056
65.6194
32.1463
68.2713
96.6584
2.72344
26.9073
44.8497
77.161
51.2329
60.5063
47.8627
81.5508
72.7368
89.6578
41.2848
99.2275
69.6529
8.26962
2.38889
53.6256
86.562
28.1823
6.34099
77.5826
60.3095
32.8074
55.4687
45.6223
83.0958
52.0801
41.3732
95.8203
95.4011
4.26
65.7253
11.1221
75.0346
62.4404
75.1014
23.883
88.44
76.2633
81.7889
53.3496
15.1549
46.9518
53.2131
47.7627
63.392
63.0686
81.8892
59.2915
58.2422
99.4842
91.3316
31.5746
12.2187
96.2549
2.48055
70.0345
57.2278
81.3243
32.9925
83.9833
92.973
83.7673
54.8347
26.9073
97.2483
74.9028
74.4919
72.5586
18.3717
42.1509
24.3068
75.9549
85.4122
18.7761
25.337
9.11829
8.44056
45.4912
38.4754
40.2347
64.0139
14.929
14.6155
2.67334
80.8502
21.7019
59.9908
81.8877
98.6327
56.5483
16.8652
5.39668
3.23126
74.4196
42.7954
65.3736
19.0356
70.139
57.7566
11.0981
3.09817
9.77975
54.1562
1.93377
50.6087
90.4533
31.0065
40.3319
84.1464
53.8295
62.6273
9.32767
33.0438
40.6418
42.9037
13.135
85.7251
32.4273
68.0615
93.4943
19.8158
21.9249
61.4802
45.0818
77.5704
43.825
86.6543
47.8186
88.07
77.6843
12.7359
50.4447
61.6916
87.6916
7.25804
51.7517
81.648
41.5205
90.3089
25.805
99.6061
9.80413
74.8773
32.6247
83.6096
38.905
88.7215
98.376
6.27948
5.98607
31.4815
26.4117
43.8056
26.9664
46.2356
66.4445
92.5049
21.5784
20.8267
27.6855
71.1783
82.2159
46.9367
71.3368
97.8272
29.8643
67.3628
86.563
49.8115
29.1715
30.505
1.73096
75.4424
71.237
52.9335
70.9398
22.7169
2.48891
85.9586
24.3742
65.8795
70.3184
8.56077
16.4323
95.1164
37.2812
54.8632
37.9322
49.3089
41.5531
51.6262
70.1496
12.6901
28.4438
94.6613
99.0659
73.67
14.5901
82.116
19.4193
52.3462
80.2033
56.2149
77.597
93.2152
53.1199
81.6021
71.9367
15.9183
63.0682
54.1813
73.5148
61.2155
4.2925
22.8463
65.878
39.1475
71.1957
47.4144
33.3717
86.6417
65.7769
7.66833
88.5271
37.8113
95.8365
92.3352
94.7512
65.2798
21.5901
32.551
36.7105
66.6448
72.7729
7.22565
25.7166
50.7354
2.45711
7.74209
40.3469
25.9588
41.3665
90.148
6.74504
99.9931
86.2788
86.6979
52.5034
78.0068
56.3348
89.8962
51.4138
8.26737
57.9601
3.88912
99.9101
64.3393
24.4183
69.9392
38.2612
36.9124
85.7051
35.5523
26.7963
42.9471
70.5651
75.3158
75.1477
48.7179
25.0697
29.4433
65.0409
99.7488
35.3412
21.4264
59.8146
40.4257
63.3917
78.7602
86.5807
41.9125
21.5576
75.3959
40.5396
86.3705
28.0176
55.5821
40.8066
70.8485
88.1021
95.9647
86.6017
67.2979
81.0444
2.31213
96.0929
53.4301
34.008
41.9753
63.6205
40.3976
30.7047
76.0684
20.8862
82.1363
27.9883
60.4435
85.172
49.4529
57.8378
70.0931
94.1064
93.8516
52.5248
33.4595
75.2071
9.15764
50.1572
97.6496
89.8262
98.1259
9.35265
39.4114
98.9715
96.8738
55.9368
7.60658
2.0532
24.259
41.5557
82.3552
88.7328
37.6492
12.9682
42.9913
81.2303
64.9483
7.55624
80.6499
25.2807
45.358
79.6486
65.1565
89.6979
40.3833
54.0842
28.97
30.4317
37.5366
17.7752
15.0968
77.9131
69.6912
63.5869
81.3959
36.3577
36.8811
84.6871
89.8528
32.0874
72.1315
56.456
68.19
81.4961
77.8235
97.2467
43.5429
40.1536
20.1038
98.5161
64.4956
33.8436
95.0661
14.5212
58.0968
6.43998
5.93822
16.3664
35.9194
86.7837
91.9236
28.6942
52.4844
40.6258
34.8893
89.2833
26.6544
31.972
1.86264
82.2631
49.9829
46.4309
21.6521
19.9198
80.6369
83.3429
60.5311
90.8566
51.964
11.589
61.5294
35.5315
56.3708
23.4808
2.17077
90.4788
55.1906
22.6111
89.1385
67.8342
2.49649
90.7614
12.3695
27.5209
60.4336
48.3461
4.71529
20.1434
9.23324
26.4188
37.9487
60.1046
98.6913
56.4599
10.158
77.4328
59.6378
91.9834
28.4549
48.214
3.52439
79.1864
69.545
32.033
69.5072
2.16916
99.734
29.6535
14.9426
77.015
52.6359
29.856
7.53778
70.4782
76.5222
21.7838
53.7481
34.9598
45.0089
5.32413
43.5712
67.1115
9.14203
51.0156
72.1672
45.0559
40.661
30.1191
71.1032
58.1611
88.4656
22.7075
32.0938
9.68534
96.0248
27.6124
76.0186
45.2885
87.7867
47.3512
47.9096
3.73182
26.0387
66.3509
82.4306
80.048
59.5091
90.1355
50.3174
80.1446
53.8104
23.8556
20.2389
10.0494
46.1058
17.8364
95.5562
51.3544
55.0525
82.7952
9.84193
19.2279
19.4788
81.6289
53.2368
78.9506
90.9717
62.6803
65.3281
3.73967
1.66319
32.5737
35.9474
78.3073
85.7922
98.9214
10.3067
22.0539
53.1583
40.3101
90.147
50.1063
90.0513
91.6271
2.2035
8.18649
70.8153
78.8823
4.82728
99.4462
52.2668
56.4178
86.2217
53.1402
34.1429
86.6233
1.96783
4.7023
97.4896
36.971
10.6482
77.4012
59.6044
71.3267
49.2889
24.3968
72.617
6.60492
16.1289
56.453
50.2631
17.3115
63.0413
2.0409
66.7972
9.73215
4.65088
81.003
93.8852
84.8939
72.3555
56.0757
58.1633
88.7337
67.8813
53.2279
68.0212
86.8642
47.3006
40.9959
68.2151
44.4429
6.40656
80.8409
39.5048
99.8789
73.4358
79.9345
22.8333
85.5454
79.6472
8.26632
23.1538
77.0941
58.0352
35.5993
39.5634
75.793
58.5876
9.36014
44.2667
22.2797
77.3065
57.163
58.0857
90.0278
72.1702
28.2516
67.2562
81.5855
32.7923
3.49212
97.3774
49.2046
30.7863
58.1132
13.2284
71.461
56.6658
22.1545
32.0713
67.542
83.7826
6.81112
3.59225
3.06504
88.3091
26.5829
72.4551
63.5904
60.4917
2.8482
11.6639
19.0482
55.9124
57.0724
44.3997
26.5743
66.803
2.59836
79.9135
16.955
77.0116
27.3507
97.469
41.0493
98.3912
15.3339
34.574
14.9847
97.1983
89.296
48.5526
82.901
9.95989
24.2543
72.5887
51.9832
7.04505
88.4974
25.7326
26.2887
9.77957
4.83881
98.8387
72.3291
23.7307
76.2367
54.6929
66.8847
76.9509
74.8379
67.27
95.919
38.2622
41.8557
27.0453
53.976
23.4587
47.2935
6.66819
56.5352
33.8662
33.9918
67.4562
68.2731
88.5367
16.1004
40.1976
96.6388
56.4542
32.1352
45.4793
56.4095
71.1739
94.0301
38.4496
59.8521
55.8085
38.2851
73.8946
62.388
92.5834
21.118
43.0173
58.0672
6.83232
34.3942
15.7084
4.77088
79.797
41.1051
11.9079
45.0622
18.0743
86.5959
38.564
32.9721
9.32436
25.5624
32.0676
3.00404
63.5838
78.9532
83.9934
17.6531
20.5748
30.6397
23.2268
19.6506
52.7302
72.522
33.4967
81.2185
73.592
11.0033
34.1336
30.1452
1.47503
60.4473
5.20814
14.8182
97.415
5.40982
34.792
56.0263
19.1022
12.799
18.0007
99.5434
53.3568
16.0399
65.4402
74.3714
45.4374
57.1424
47.008
73.9647
52.7297
86.4605
22.1156
86.1156
15.798
30.0786
69.2575
10.433
1.54691
96.9923
76.7327
99.9943
22.6859
47.8279
63.8505
14.0796
2.56784
63.5946
62.6473
92.9887
55.1087
26.0511
61.5014
84.9668
26.8348
49.7524
28.3026
47.209
82.0769
86.8141
54.0228
86.3572
3.20172
6.70619
22.3007
45.3042
50.6303
69.7643
47.9788
48.4598
59.641
25.3231
6.68908
8.05457
36.7143
98.2386
12.87
64.6532
66.9081
39.8996
37.1872
70.923
11.3231
56.3963
1.75115
91.2548
24.1548
35.6913
82.3917
86.8375
35.8591
71.4269
8.37235
85.4225
32.6486
27.6648
83.7729
13.6602
22.0242
63.4079
90.1782
20.3323
7.94666
55.2317
18.2759
52.6751
62.1644
62.4414
82.2807
45.8682
91.0441
30.4788
19.3909
6.67388
19.9008
73.1033
99.835
69.8378
37.2857
9.20989
63.3835
99.8713
21.4989
37.1762
48.3014
74.1497
7.65387
50.8739
80.5074
81.9526
47.6927
80.3774
42.3594
5.53495
68.2962
91.0195
33.724
2.80647
89.2204
83.6441
2.28319
30.4889
4.67617
67.8081
20.5684
58.3546
45.0686
96.9125
23.691
73.6422
21.4471
88.4545
47.0154
6.19273
74.865
49.4281
74.0897
52.3978
85.7984
64.9135
27.272
65.3845
73.982
59.1813
4.82729
56.9389
17.3522
79.1636
99.1583
34.1287
26.4315
84.9964
1.9123
59.6506
48.2007
10.0517
5.5172
21.9229
68.6758
35.7362
45.7253
82.5921
3.64502
85.3018
95.1716
4.4936
67.8731
84.8838
34.4145
17.3962
17.477
62.3191
67.4619
14.3334
18.0507
76.3428
17.3763
34.6215
90.6397
78.5677
27.956
12.7491
50.0088
98.4437
5.8511
73.0527
74.9442
61.0522
59.1957
30.5081
27.3288
68.3264
62.375
78.4642
13.8948
37.9569
81.8446
55.2192
90.1628
46.6995
73.3916
28.5675
48.6715
73.3978
92.872
55.5739
13.3034
60.2519
24.0427
71.3186
29.9553
53.5893
4.90147
8.61656
48.0782
80.8512
25.5273
60.0085
9.22123
17.5186
44.7669
92.8577
24.353
27.2333
78.5196
45.8377
37.6714
81.2087
52.9192
94.2512
92.7884
78.7117
68.359
55.5001
69.6902
99.6891
80.1164
50.3854
71.2837
8.52325
76.018
71.667
81.3748
8.08287
26.1014
86.3269
59.3027
60.7004
68.6761
90.0923
5.03024
81.5434
54.8066
86.6303
20.3839
19.6829
14.9454
66.1813
26.1709
98.7457
87.5534
35.8759
57.86
61.5596
3.20488
71.1292
20.1176
98.2448
12.562
54.6134
17.417
64.5743
61.3696
24.1153
50.4176
7.38631
28.5397
92.0155
80.7789
50.6061
78.2683
79.6121
64.1779
87.7124
23.0121
75.5954
67.4177
15.4177
75.9437
7.24543
53.7644
63.1319
42.081
37.1797
94.0043
6.94115
51.7855
16.2715
84.3994
28.9133
98.5872
71.6324
38.8319
26.2829
32.602
85.8871
57.4094
39.2962
72.7896
24.2122
21.8024
84.4923
40.681
15.5018
44.6462
64.1568
97.5071
25.272
3.29
45.8248
76.8615
21.1787
76.141
77.6356
69.433
27.5438
20.3594
43.1227
59.3771
27.7726
90.1139
63.2829
1.15996
50.5354
7.92522
71.8423
80.4774
58.5919
47.6745
28.4356
56.6815
38.8244
7.66513
19.5115
60.5612
23.421
33.1864
76.0361
10.8649
70.1683
31.5301
29.0811
35.5675
49.9569
17.8489
51.6741
57.0865
51.9699
6.41556
45.7358
35.2741
91.8284
80.1531
67.0156
43.7845
14.1572
54.3784
61.0085
18.9374
35.3607
13.662
81.0948
30.9035
29.7581
48.6016
38.4832
86.5106
74.9488
7.58863
46.9066
50.9706
18.7278
86.9491
78.9037
46.5675
87.0285
84.4024
28.1755
79.4399
85.4953
62.8364
17.1612
17.3566
64.7171
37.1559
89.9292
23.5643
57.9251
49.1352
17.8505
23.875
15.4349
10.8333
30.4487
44.4214
12.7821
26.6837
46.7043
83.1783
13.2312
74.114
47.2818
17.5477
41.6273
70.5303
95.4094
55.8288
66.293
52.1148
8.65368
59.5773
27.6529
96.3401
79.3752
92.1877
87.1567
61.1221
56.7127
86.3755
72.7925
57.6387
46.3246
9.36004
29.8694
55.7474
46.7795
81.0679
62.7464
28.2753
93.4891
81.3027
57.5867
36.3812
99.8951
53.0461
66.8047
14.1571
95.6996
73.7704
70.7786
70.6476
57.8846
79.8529
7.89687
47.4144
40.6833
13.2924
75.8888
97.8823
32.0679
45.1462
3.68849
12.7666
6.50214
45.2041
98.5644
66.7901
76.0395
39.2811
85.1344
72.6908
43.3868
39.7928
36.7001
11.0918
55.6345
13.4859
46.0992
7.31137
1.28286
22.7544
35.0562
55.4321
72.9953
82.7788
83.6644
42.0746
96.6498
28.4145
40.1221
35.1552
54.4547
21.2815
39.5652
11.9003
58.3573
20.491
73.563
50.3173
96.0066
62.5773
87.2836
64.5543
80.6136
70.4205
80.0582
32.562
39.1716
82.2173
60.632
92.9032
79.4373
84.4062
90.3198
15.0549
71.7989
90.5493
37.2363
65.7949
64.4813
73.7201
32.4848
73.1285
1.14533
7.4997
38.8799
84.5743
74.1741
21.9582
57.8483
94.8883
24.8559
72.6484
14.3989
86.5936
36.026
64.7381
86.8485
72.6734
29.6421
89.6733
93.3948
63.7522
80.0913
61.3415
17.575
61.7838
33.53
14.1786
23.5069
94.935
47.1393
19.7555
68.6506
45.6269
85.0069
63.5538
92.4914
22.3795
78.8846
53.9667
69.9383
50.4838
96.2544
19.1381
5.87087
52.7618
16.5272
60.7426
41.4654
45.8054
4.97815
93.2933
91.0075
37.9142
36.8613
76.9732
49.5134
24.2523
2.11535
38.874
46.9648
81.3517
25.5717
31.1054
2.16444
73.8098
62.5215
5.68245
54.5938
40.3558
41.998
30.8948
48.6206
1.73811
25.1334
9.03415
77.8758
82.4497
52.1103
60.0517
94.2968
4.81695
30.3879
24.1495
34.5445
3.95293
39.7623
76.4094
50.1948
90.5307
92.8477
10.6139
41.1853
79.4123
72.3962
93.0645
80.8425
25.0034
77.335
73.3658
76.3971
32.0937
91.9654
73.1194
76.9523
95.2595
27.6694
32.7001
39.5743
93.9427
32.471
89.7418
80.0378
67.516
84.0662
97.1087
24.234
11.81
44.1173
62.2543
40.3181
2.99849
90.1876
66.8479
17.4015
31.0608
99.3466
81.2733
95.547
19.4065
16.2055
20.3001
84.8663
80.6216
23.9554
11.7708
86.4677
43.6782
32.1926
21.4575
63.3966
74.7845
80.4621
22.4617
61.6793
44.4409
18.8141
79.1613
98.2368
19.3069
17.0338
9.2168
39.0011
59.7186
27.7793
14.2122
79.8053
61.1418
39.2956
31.7342
31.3954
53.0161
18.982
34.3233
95.3207
91.7867
78.1826
43.1495
46.6137
96.3295
20.2793
55.1084
33.7094
89.0642
36.8895
8.49251
52.3903
39.0892
76.3385
57.8488
94.5387
75.5632
42.7391
10.7332
43.1004
56.4552
38.7477
73.5446
6.70281
55.0566
49.5846
86.643
14.7233
48.6323
16.0947
5.64794
59.1848
14.3187
61.3891
51.7355
78.9351
48.4434
46.8664
65.3434
34.4348
40.604
24.3929
2.04308
5.01676
27.6232
58.7496
70.5195
2.42763
94.1619
11.3289
33.3168
39.8994
16.9244
28.0768
99.9555
83.1966
7.73278
58.4595
79.9634
68.4657
12.6716
68.4006
22.5845
98.4087
66.2687
42.3164
5.38447
29.7186
35.8558
16.2261
56.2175
76.6916
17.373
74.2741
37.8285
51.5585
99.6852
38.1852
70.6843
65.6548
55.121
23.6636
31.4515
5.63073
79.9639
10.9174
94.3327
8.69069
76.4276
91.1614
14.474
37.6247
4.47958
25.3985
16.9971
22.2606
53.9819
93.0989
25.3856
77.3634
99.9089
81.6931
10.4595
37.1933
66.5735
68.2528
26.2096
36.6525
16.6515
45.3501
51.8669
34.478
17.1505
97.2935
95.0017
61.6525
93.3816
36.1833
43.5828
36.0373
62.0339
36.3067
10.55
21.326
59.6884
85.7199
60.007
39.8572
75.1502
39.5562
32.7104
19.3009
46.4988
99.7506
5.88848
38.5669
1.33995
39.1277
58.8366
92.3289
86.2704
7.29758
3.63523
98.7749
30.1912
70.5233
7.51246
70.7716
21.5758
77.7603
96.9384
68.9433
78.5932
4.24747
99.9916
16.2641
51.5022
19.053
5.75017
32.438
22.3416
42.1921
24.1153
93.7673
9.92218
77.4944
53.6335
98.878
39.9382
85.9642
63.6898
34.2227
3.83429
71.7458
24.0907
10.7933
6.45789
79.4896
18.3626
82.8829
19.9458
49.7162
21.7995
76.0604
48.4792
75.2206
85.0964
52.5137
90.9502
16.3134
57.8976
34.9678
94.6884
26.1589
42.1943
33.6212
33.1205
88.7974
44.3754
23.8986
91.2112
97.4146
23.2194
51.366
59.8119
68.0817
36.0075
9.01476
95.3241
32.1255
21.5705
87.4524
17.5738
78.156
41.909
53.9882
19.0426
27.4697
29.2186
84.3332
21.1548
10.4479
97.2354
96.2024
15.921
35.2389
31.1095
73.3548
57.2502
34.0309
70.6077
42.6827
83.943
80.9234
12.715
95.2618
22.7595
11.6231
85.2927
10.6176
75.0336
94.0522
17.634
66.9201
34.6255
3.22499
8.2414
3.67732
96.63
46.4354
76.479
35.1229
78.632
93.3981
69.2733
80.7218
37.4504
13.7951
53.3402
41.2325
96.2549
78.6877
77.944
40.6602
72.2388
57.3152
31.2066
27.8619
8.51199
39.1383
79.0021
55.8495
40.3324
20.7327
59.1768
23.0767
66.0661
27.1174
17.8042
72.7017
90.9533
21.3543
40.3362
92.7186
68.6866
25.6921
21.8789
71.3922
93.5587
2.23764
56.9786
19.637
98.293
42.0374
23.8424
98.706
25.4902
11.5238
49.2873
95.5797
58.2195
13.8576
88.7137
55.1969
37.5087
71.8372
5.40908
40.821
31.0402
33.5136
69.6802
17.5532
24.8992
97.9455
95.4746
6.521
90.0516
4.21876
45.7904
13.1238
6.80262
75.5224
69.1086
1.0133
39.4916
64.9302
29.4464
12.1956
4.07822
58.8664
98.4896
45.1913
91.2212
85.3321
55.8431
7.71774
89.9491
31.9657
9.32749
61.3953
42.3103
91.8592
91.3252
48.1069
79.4547
65.5164
73.454
24.4808
81.953
66.2153
8.28777
99.4362
5.29245
69.0495
84.7627
37.1805
29.2808
26.612
46.6094
24.9006
50.9333
69.4691
13.7842
47.6616
66.3528
97.7708
2.68053
91.162
31.343
24.3272
44.2184
98.8247
14.5096
52.0646
23.2728
19.407
27.6921
94.261
52.221
93.387
98.208
74.669
39.2664
1.41545
14.0141
78.0097
53.7574
78.9483
52.6001
63.0516
2.97782
98.4466
97.6625
88.7738
54.0257
43.5084
37.9842
14.8187
47.5747
3.56607
55.6976
89.4162
40.7907
95.3634
62.6098
32.1908
1.10986
78.5886
49.523
78.5937
95.8278
58.3345
78.4713
24.8444
69.7286
20.913
73.1046
15.4594
34.7534
26.549
85.4174
75.4524
85.0968
55.1246
22.1613
79.2693
15.4506
37.8591
39.5444
46.2222
74.8824
38.8471
8.05407
12.9116
81.8321
30.8933
13.2348
80.8865
5.51451
61.2942
48.402
11.1406
86.7888
23.1961
94.5925
88.8929
79.8204
58.9298
84.9304
59.3828
69.3057
46.2043
77.3493
46.7872
59.0861
14.5531
22.3464
82.6344
72.9228
85.6685
91.5494
54.4686
54.7783
41.4566
71.1712
56.5592
34.5163
66.1903
63.6249
13.8579
64.6452
18.8452
71.477
50.6423
80.5226
26.859
31.0132
78.3106
32.7736
51.7948
62.9264
4.89516
58.4865
39.8798
1.94861
49.019
12.7015
19.8556
72.9078
54.4719
93.1383
53.5629
78.1279
7.96472
99.9329
6.51386
30.6951
18.8034
34.4657
74.0704
84.485
34.2928
68.1288
97.9897
21.7104
13.142
23.8925
7.46777
21.3893
43.0168
11.2301
65.0491
32.6216
85.9826
5.36231
89.5668
25.5917
86.2787
58.9005
44.618
56.929
98.8103
46.9907
34.4852
25.9139
36.3525
79.5827
20.8739
12.7204
31.5885
92.385
82.2347
70.8153
29.1841
59.4051
64.1943
58.1004
63.2203
22.7096
31.9158
77.0824
16.9622
99.7263
54.1653
12.3801
89.1439
99.3765
19.895
98.4372
37.2296
31.9785
65.0278
8.56451
6.07002
46.7015
57.2338
18.4351
42.1652
31.3073
15.4956
22.9356
67.8971
70.8084
92.0664
43.8569
70.6339
15.3545
30.2727
86.8533
59.6673
22.2154
98.5482
58.1933
12.7506
13.3681
53.4572
76.4772
77.8735
80.5991
93.9393
43.0008
95.8516
52.7938
72.7223
91.0898
16.0978
54.0045
3.74419
5.86286
60.0054
90.0373
72.5305
13.225
67.5409
61.9304
44.5922
50.0715
68.5326
39.3277
34.0163
33.8338
40.7957
48.0195
60.0575
60.1554
5.50255
97.1713
13.1951
21.4896
92.067
24.5671
64.308
64.1363
50.1839
40.4526
56.9398
3.40779
96.7835
17.0644
65.4789
38.5642
97.6343
14.1988
44.652
71.6619
72.5883
93.9792
29.7333
21.3304
66.796
58.3424
89.1708
83.1882
38.2736
30.9109
7.50359
73.0875
2.263
84.6559
33.9247
34.2997
50.5935
12.813
34.2761
20.0591
53.8812
22.928
54.0639
81.5049
59.7508
77.4185
10.8019
81.0737
5.57068
4.58421
41.4766
93.0409
31.1448
69.65
45.0797
38.8365
94.767
68.9615
91.1928
78.0049
81.2816
69.0506
26.3663
58.4593
18.6735
79.4566
71.4824
39.2469
32.7469
69.6154
44.4772
98.0313
26.2109
85.2523
27.2633
60.1813
37.1473
68.8982
18.3778
20.3754
54.3703
88.0532
11.9997
42.7879
10.5104
37.1888
18.9033
22.1422
70.0509
96.7003
2.76474
36.8642
5.29279
64.4355
65.0511
25.9773
42.7308
75.9868
59.2434
43.6813
3.77517
63.1875
19.1975
13.1535
13.3937
64.7029
41.6974
8.043
61.2852
45.9022
73.0062
73.6111
67.8544
19.7366
98.1182
22.7685
57.9712
38.0527
92.7381
88.3262
12.3938
51.029
20.1722
5.30673
18.1637
45.1943
39.4783
82.4668
57.9269
2.66841
44.4864
91.7207
54.045
39.2557
85.1708
37.941
82.6035
53.8722
85.0067
92.4565
41.5626
11.1143
66.5185
50.4288
71.9455
59.3273
76.6028
35.1648
14.9215
47.9319
15.6501
74.9567
38.433
79.3341
66.8675
31.0363
30.4076
94.912
73.7268
7.89786
87.4852
9.45728
65.5357
95.4006
21.0383
17.7048
57.7703
93.3484
59.5453
83.1178
62.9699
72.0773
99.8634
74.8608
48.372
30.3739
97.4133
82.4612
44.089
32.2181
3.0136
93.6181
51.4082
24.2924
72.9647
84.8675
34.8851
42.2112
67.4981
56.1871
55.0214
45.3584
44.9301
27.7038
51.8153
53.5338
85.2408
80.4924
76.2493
93.6917
84.0464
92.6805
24.032
46.9227
36.4308
35.3947
44.5821
25.2734
91.4026
71.4325
58.9203
95.3038
4.85772
87.7262
65.403
16.1346
33.7172
43.9429
93.6936
44.1852
42.0063
94.9347
48.192
25.6284
17.5164
64.6253
27.8697
47.9408
95.0972
65.3765
58.2594
90.1449
29.1422
24.3911
83.3618
32.1133
73.2073
38.7671
42.8666
19.7495
76.8527
22.7544
12.4523
61.3149
40.8647
30.8041
36.0029
89.6749
81.1635
63.2684
80.3632
51.3572
38.4215
60.8464
32.2138
75.139
43.8585
42.7665
90.8727
55.8133
38.8865
99.6919
48.8806
70.0331
76.0618
57.1174
46.6792
43.4049
48.5057
35.9852
78.9617
39.7584
36.2496
80.4642
65.2556
36.6657
45.4591
39.3243
21.3754
51.9066
28.1102
30.9183
37.3721
22.614
68.9121
90.6316
45.3695
44.121
49.6561
10.2581
38.7708
96.2064
38.8253
81.1788
80.4769
3.223
17.6729
74.9768
48.9652
42.7557
25.7253
89.8274
10.2599
87.6404
86.7584
94.8494
44.2373
64.1452
29.702
87.5233
69.113
91.553
69.9462
52.6855
7.79475
52.1582
72.8783
68.8311
57.8671
95.7666
97.7416
30.5918
8.4214
43.2747
32.2594
78.7011
12.3258
20.1697
58.5923
97.8499
44.6691
21.1932
41.9908
8.48983
35.9224
23.378
17.2607
4.4195
26.2259
55.4659
4.40117
67.3505
11.644
25.5271
36.6148
81.7958
31.4787
29.3486
56.8023
91.0241
29.5623
45.0952
74.4311
80.8768
27.7084
82.5055
50.555
84.8813
96.3527
3.44395
19.7523
7.13547
92.0008
7.1402
51.7299
44.3329
75.6765
84.9396
83.4864
29.9972
62.4381
76.7782
39.1356
18.5651
9.36967
59.1977
24.2416
79.0236
8.82477
45.2734
51.5854
33.1452
42.4937
78.6425
24.3186
31.9607
16.1429
30.8745
4.51211
28.8453
1.30981
42.7249
46.4631
77.8627
96.7843
68.8009
53.4311
7.26437
52.5772
59.448
96.6511
55.6492
14.0824
61.0601
49.648
92.5228
98.0377
67.0137
49.7228
53.4481
75.6991
62.7772
18.0823
37.9289
29.0467
19.8588
92.2779
21.6126
50.0932
30.6562
15.3394
98.5591
54.0146
65.2182
81.0088
41.4755
91.0921
10.7234
61.2528
45.636
60.205
58.512
16.4809
4.30754
50.8255
5.9819
29.4282
57.5165
48.845
28.9635
77.6382
63.8142
55.1254
69.9245
17.0211
35.7781
75.0286
43.6689
18.067
98.3212
29.1203
48.4554
29.6355
90.9843
22.3752
32.4162
76.526
52.7241
24.1973
5.12377
68.7566
22.4164
98.0575
74.8483
7.20536
13.3973
30.8261
49.714
89.8417
25.3277
44.725
71.1415
62.6281
42.3128
60.9361
72.47
77.5344
82.4926
16.9444
73.2223
32.204
42.3545
31.1514
84.7677
19.7862
86.9114
13.9805
31.1906
14.0161
48.7615
16.3884
18.4422
69.302
33.4796
67.0746
87.2474
8.09584
85.2394
83.8112
45.1874
84.7613
88.5964
36.7461
54.3868
31.1055
68.6166
82.5526
64.5948
16.608
44.7409
35.3758
52.6845
64.7635
75.4405
55.8442
95.988
20.4956
70.3985
17.7854
22.1933
54.4756
60.4818
25.1472
2.50107
58.7838
52.875
88.0238
26.0308
98.5025
14.5331
41.4697
13.7965
51.4492
27.7333
33.8266
93.1361
47.3768
21.3272
87.1986
33.3816
6.3016
39.2724
64.4316
75.5185
44.0181
60.3608
35.6368
76.398
63.0659
77.601
22.3655
48.1408
39.7079
17.4658
81.2787
70.2345
23.2903
45.7931
79.8908
2.27096
40.3244
24.0371
23.9016
3.65318
57.0524
86.0587
69.0235
45.1372
23.6377
12.1911
57.1795
22.7261
23.6846
2.45943
65.5341
16.2006
26.9762
44.3046
88.0794
1.71957
20.0373
5.28124
80.233
90.21
32.1989
5.47644
42.5632
45.3023
17.9323
3.09566
90.9338
70.9385
43.9076
75.0701
35.9399
24.4598
23.0226
90.2918
43.4688
60.1429
80.607
50.5028
35.0473
76.9453
90.5191
27.7431
26.1848
95.0153
44.0264
42.7925
21.6594
41.8418
28.7627
55.2465
32.9601
20.052
99.4768
89.5546
57.5326
87.667
27.1366
82.3447
79.9019
38.912
47.0836
35.4326
36.652
54.7083
58.2531
52.4886
94.7681
86.41
71.9517
95.4877
73.7078
12.1818
34.3332
13.398
53.285
40.029
90.0315
91.6367
23.8764
94.4986
41.235
38.2033
68.1123
88.0888
65.5063
98.8002
69.5497
51.5065
71.5076
75.6479
80.6069
29.8437
2.35664
95.0739
29.9866
47.3298
64.3653
9.3751
63.6799
31.7501
99.7395
28.4932
83.5256
19.4886
68.3107
75.7754
80.1964
72.4434
25.4778
5.12241
11.3153
8.46973
95.989
70.3556
78.7544
67.5492
57.694
90.1376
72.7433
42.6588
6.87834
48.9442
46.0471
28.5407
62.9492
35.0078
27.3005
30.8578
82.2767
8.85786
98.7905
82.5057
79.5385
15.9194
42.8435
11.745
37.4466
33.0174
98.9879
11.1471
28.0063
98.8489
65.8366
59.9669
92.0395
77.7128
12.4077
43.824
37.5344
83.8386
61.5225
7.73822
38.17
93.5399
6.19341
94.8123
84.3967
70.7095
57.9318
15.6542
93.5594
26.1582
43.1476
63.6295
21.6004
13.0178
33.6426
58.1407
53.4743
26.8508
14.8972
66.8103
74.683
44.1361
27.937
4.93983
92.7996
88.3607
47.0584
13.2585
50.2489
44.1998
94.4688
55.1326
77.6381
95.5878
60.5916
28.4734
4.54094
5.20431
49.2306
89.2839
47.8589
18.3041
44.3166
25.7955
95.6844
10.992
12.2551
84.7283
64.0473
88.3466
39.9528
5.09186
75.1428
71.8569
27.6099
69.8014
93.4533
40.9576
57.0217
52.7628
13.0069
93.6945
41.5257
36.4772
70.3254
87.5295
22.4266
18.6435
44.3124
82.5234
8.83247
41.7489
94.8528
41.0687
71.6184
96.7508
71.4201
31.928
6.47123
67.1991
37.9632
1.14862
94.1984
22.7996
32.4645
72.7475
26.735
1.50474
47.4105
26.2924
61.6732
74.5778
72.8936
36.9422
69.6397
95.3027
47.4633
85.8912
34.0034
4.19651
79.337
31.2436
16.7414
13.6792
64.289
84.5052
44.1872
9.41975
82.1154
24.9468
67.8898
85.5282
3.54145
69.3669
88.1637
7.49141
19.4284
45.0043
43.4428
53.0808
5.83884
44.8713
16.5784
10.8822
44.4342
7.06886
21.3202
29.0624
11.534
35.5513
87.9955
96.2332
18.6636
49.357
64.5777
55.7236
17.6572
31.0577
65.5081
20.3894
86.644
79.9963
41.5978
39.9914
86.0203
69.3224
22.1793
74.7895
64.2539
3.24503
73.4608
79.7987
81.7184
85.9428
69.7897
6.36418
90.6442
50.8233
45.846
27.483
74.7121
60.7976
24.1619
71.6356
47.4838
10.4925
83.3832
25.3259
91.0028
46.5323
10.3454
46.5919
5.49787
16.371
34.39
1.56191
32.8185
70.8127
96.5602
38.8878
47.7434
87.9104
6.10891
58.2329
10.6843
85.3505
79.0896
36.1956
54.9917
37.1848
43.7525
59.1981
5.67625
70.5564
67.2914
68.8503
19.3136
36.6234
46.2134
55.4368
92.0383
54.5196
70.478
97.6147
32.1146
12.3831
34.047
74.5437
45.7082
58.0583
42.3835
16.4016
24.9556
83.2754
6.40863
72.7504
46.9162
41.2322
49.003
54.1623
3.03775
48.4907
55.072
13.7906
30.0454
98.2094
53.5805
87.9305
99.9184
22.9285
58.8582
59.048
88.0958
80.4137
35.255
42.4594
25.2762
89.9616
94.705
54.8267
4.97555
96.3665
67.6645
67.6176
65.1879
71.946
32.125
10.2913
5.36255
37.286
96.6124
26.0355
17.7372
59.0678
71.7441
31.7819
66.1568
5.50243
3.36771
73.3438
98.5352
10.8388
4.20712
5.95602
34.7164
64.6089
73.997
85.1475
1.67456
63.6376
39.2307
54.685
54.3271
32.9088
90.9864
13.9409
84.2961
65.1668
51.0695
22.7239
56.9957
13.1373
98.4641
76.6049
72.0932
12.594
69.1095
39.0556
18.4917
21.06
23.627
60.4752
98.141
40.7879
23.7281
15.007
28.5242
43.7424
4.79422
22.8948
95.9699
89.2286
36.4885
75.5522
90.8712
41.5171
81.9851
49.6097
87.0059
85.6982
69.0177
3.57008
27.1323
80.9634
74.5523
34.8449
41.6354
70.2701
39.5357
15.9718
70.4145
45.1862
79.855
36.0519
23.5822
7.9463
89.4856
84.054
86.7311
87.681
86.2289
51.8915
93.2316
73.0854
51.0894
3.18867
89.4718
49.5756
8.17755
1.96558
55.2504
38.0605
43.179
24.2553
95.8871
62.5388
89.837
17.1392
19.5757
55.1474
89.7425
26.7881
62.0112
21.8116
70.836
2.44932
42.2319
75.3397
20.0452
61.207
21.7088
26.6461
22.257
66.5617
30.261
85.9834
96.2337
96.5683
91.6456
17.8444
43.4145
3.72644
14.5546
47.3081
87.154
10.3875
74.0868
67.8086
45.1794
1.96721
82.5844
86.8855
29.4697
15.2267
21.7239
71.1562
86.2931
23.0655
40.2299
78.0173
46.5351
45.7167
32.5405
79.6248
96.0015
42.8837
93.2755
78.5755
20.8516
48.28
91.9649
85.9059
83.8336
91.905
54.0989
56.3171
41.1662
31.282
73.985
60.2148
94.6504
51.1555
37.577
58.2416
23.2672
30.666
12.8074
85.859
92.757
57.3443
5.08525
15.4708
78.5639
2.53732
64.0823
7.973
94.5786
11.7367
61.2767
14.1531
84.8885
30.8877
35.435
87.3214
2.88459
33.5956
21.3236
77.1745
75.4266
34.7688
6.16801
13.4294
34.0713
35.9167
2.43592
13.0308
38.9017
68.1312
68.6675
8.75013
41.1162
41.1507
50.4427
83.4052
61.0214
57.054
50.7249
62.3328
92.2904
63.346
60.9897
50.5542
18.4193
34.8539
65.0358
73.3815
37.8131
99.0679
64.3934
98.8489
98.0562
43.21
51.7851
51.4545
93.5267
70.6226
46.7695
84.5318
65.1763
85.2845
37.2505
31.7342
17.4442
64.2605
88.6518
44.4501
13.6741
82.6308
63.1216
67.1019
21.615
14.4752
10.1225
75.8077
94.3798
33.585
53.7457
10.3691
30.0604
89.497
47.1513
51.1047
98.3913
76.7289
92.209
92.7565
49.5739
1.52115
78.7291
53.4609
82.7325
30.1187
2.7276
29.2703
27.8614
8.67262
89.4577
25.4744
3.40421
56.8098
97.9265
35.5423
25.2712
76.0994
37.5956
32.5272
5.3182
93.5745
75.1928
5.78668
7.28537
56.7864
80.2566
19.078
78.2262
44.9789
26.6726
19.6975
59.4428
31.0807
57.2415
61.0474
17.0161
12.1453
71.2352
26.4789
76.5317
14.3864
35.2941
23.936
47.9179
60.8905
30.219
67.7945
8.93247
58.8238
5.61359
72.9086
11.8351
1.93879
57.8994
67.2879
66.4104
14.33
6.49371
94.323
79.6196
59.2968
5.75161
24.7155
71.9436
16.0845
77.4591
43.8515
93.9676
9.6291
33.2645
98.8204
95.6839
96.511
87.9353
37.4215
61.9506
19.548
60.9019
3.27584
75.8255
97.9703
47.3127
55.0897
75.165
99.6371
85.2948
6.31151
35.6721
98.3413
52.8637
55.2567
93.6072
75.0939
22.7779
77.9437
43.6051
5.22522
37.6488
30.5363
27.2791
81.7876
46.7059
92.055
69.5954
46.5524
97.2737
15.8963
31.2251
23.1874
65.5808
41.8906
30.3638
93.6182
93.5533
10.7777
94.8765
20.598
46.8322
96.3198
8.36141
66.9632
44.6488
10.732
7.77994
71.0532
62.3532
85.5828
50.4941
57.4711
43.9205
40.5068
16.8181
36.8743
73.8554
27.8437
56.0347
25.1351
17.1182
55.5512
12.8804
26.4367
85.6104
27.8463
70.5764
73.3176
28.5667
92.6493
45.3082
81.224
38.3014
76.3319
81.7638
17.6362
76.3578
91.1484
49.7774
2.1224
15.2814
39.1204
41.5414
65.0514
51.0031
69.0857
87.6363
12.6601
67.2182
97.6539
49.1122
5.9224
21.2009
8.01805
78.4846
64.454
74.9813
41.4496
63.0768
34.6654
51.7304
86.3018
64.3252
47.8476
10.7732
77.4997
89.2018
2.7898
14.7781
39.7087
20.9659
20.6627
47.4854
39.0652
89.6738
54.8209
44.8617
56.8517
28.6077
91.5657
8.56713
3.3406
25.576
79.243
66.3303
22.8936
76.0283
48.0211
18.0656
96.462
30.8075
64.1094
90.5246
86.7732
37.3522
88.2178
85.1892
93.785
90.271
46.5343
77.1893
64.0322
68.9178
82.9651
68.1273
42.9235
98.4497
48.9979
35.1747
12.9904
69.5668
23.8647
73.4156
22.8875
32.8816
85.8992
80.0194
87.9473
66.1385
21.2018
94.9659
23.2181
13.828
86.6627
11.1367
65.6034
51.9137
6.78766
45.134
96.9036
55.6468
1.3959
51.1954
64.4076
85.534
59.4378
50.5745
17.5956
92.2137
43.9879
38.9633
89.9429
77.3453
43.9412
11.502
76.5849
47.6779
42.247
14.2442
62.3914
14.6538
69.0184
57.9048
45.1589
88.1863
38.3811
20.4141
64.4584
39.5475
37.7423
98.825
54.9329
16.5119
94.5237
55.8063
77.7373
35.5877
94.5483
55.3141
81.9542
58.8395
59.8018
15.1396
49.08
78.2309
73.2598
90.5927
64.2522
23.5281
44.9712
13.855
48.4713
69.7332
34.4187
75.5458
60.6132
9.52173
90.0686
76.5245
83.9454
69.6466
54.8538
53.0531
30.7752
47.7241
89.153
90.4863
11.5525
16.5477
61.3622
1.78136
65.9302
50.4475
6.88881
30.4578
55.0908
89.7056
36.2053
28.7037
48.63
42.1127
83.573
84.6329
58.62
95.3286
37.9602
95.3122
57.2504
62.0173
76.4663
48.1975
97.5785
51.8448
31.0206
28.2402
55.4764
90.8669
29.4362
87.6022
42.9987
19.0141
50.281
13.8133
89.5068
92.8714
34.4901
43.1144
68.9121
64.6212
93.9718
16.9285
50.2409
2.51945
10.3477
71.0463
56.786
65.5525
84.8098
1.24657
41.8838
19.3587
80.1529
47.5952
67.5594
75.4901
55.7334
66.0777
66.7628
97.2382
30.4585
36.3678
77.2996
38.2979
18.9478
83.2768
43.5161
15.6401
17.196
86.3034
40.3785
40.2532
64.8952
35.1953
60.6573
9.91773
21.9274
93.0545
77.6667
64.3284
16.1259
18.4679
86.7229
89.1302
12.6358
6.2599
54.1085
39.1989
63.9605
55.0605
33.9051
60.9362
5.51627
10.3214
71.3328
94.4642
75.2927
7.77672
40.4508
53.6744
89.9345
76.5244
47.288
64.5286
43.9087
2.20525
62.4756
60.9044
14.5503
77.7685
69.1009
96.1921
29.1584
30.7334
72.1078
71.216
73.2205
70.3619
64.8885
12.2177
60.2781
1.05004
17.2781
38.6003
69.6478
79.0442
19.1623
16.9606
47.8096
9.38156
26.5382
18.7557
79.2995
92.8763
75.9637
57.5163
17.9508
77.9141
97.0495
1.07094
48.5133
28.8837
61.8732
70.813
36.9337
43.8427
60.2269
19.5332
97.6874
90.2916
54.1188
61.2438
53.458
16.1573
79.0043
11.4609
44.6746
16.3849
22.0071
51.6733
36.9347
71.5107
11.8274
22.2017
31.4353
12.6544
92.1558
45.2041
39.749
45.3317
34.1606
21.6804
81.866
87.0681
15.9179
32.8303
20.1604
70.2882
29.1379
53.1483
37.1685
70.887
5.0586
71.1534
81.2833
34.6614
9.5421
27.7972
41.9365
65.3344
71.7419
85.0646
99.4624
15.8789
70.8607
48.4718
72.979
40.3798
25.1354
60.4991
52.1216
88.8981
10.8329
98.6441
16.4807
56.2446
24.2733
14.5126
93.3695
67.3655
6.6974
77.4272
60.0949
65.8202
68.0248
17.2064
58.2354
1.71154
90.9645
53.3842
73.7643
82.0093
9.109
11.5179
11.8327
60.3156
30.1085
7.22571
43.6753
31.1065
95.3215
50.3887
43.4487
90.6903
97.6612
41.2579
43.3213
4.60601
94.4803
17.1958
30.0366
61.0622
7.20417
58.2914
44.9491
21.2861
46.5676
14.8969
49.9384
41.6
15.2989
40.2889
23.0314
86.8764
16.357
63.787
40.9551
1.38187
30.2067
49.3156
14.4205
70.2216
58.7301
72.9512
56.3383
60.9929
81.1907
67.5133
46.6635
75.0055
62.8951
91.6264
77.3511
3.84763
59.1456
29.5749
91.5079
40.4887
56.2024
76.1164
42.6906
23.6658
33.9214
91.0345
69.117
89.8063
39.0972
70.1788
83.2461
58.6796
46.5801
57.8008
36.4703
72.3795
8.26634
3.40524
92.8548
81.1872
21.6215
16.8987
46.4369
41.3867
60.7185
30.0134
2.32825
56.7814
76.165
7.65275
50.8173
86.1995
6.02336
28.5803
59.3004
94.9931
57.0162
50.4669
98.2111
27.4661
80.5213
4.18289
95.071
55.7192
98.7974
35.089
15.0092
2.40396
42.572
29.8619
68.5935
25.0389
77.7399
75.056
94.2211
19.0263
76.691
62.2087
60.323
12.4126
69.7297
10.7686
90.4689
9.83284
87.6551
99.7578
27.9838
37.1487
43.1489
6.77854
67.0806
92.0675
76.3747
80.471
54.2577
90.3487
28.7589
35.9007
53.4783
43.9237
24.9382
53.4984
43.4466
84.2101
73.2613
98.4722
96.4371
54.9904
1.29754
64.4306
30.4928
47.3816
33.3002
65.575
13.3115
38.8496
68.9059
43.1337
37.1005
89.8281
11.1462
49.4327
11.9551
40.8493
1.8307
19.1002
48.5165
14.3991
98.4609
53.3141
89.065
27.0576
86.3537
71.4133
46.4346
31.314
28.4455
96.8273
65.1145
5.46877
79.701
98.3018
80.2344
29.7111
88.1124
86.236
70.6329
69.8458
39.6238
82.4106
62.0493
13.8787
53.8903
79.2015
10.0661
27.7915
35.0323
25.5881
71.507
64.9541
85.3348
5.49661
65.2568
92.6112
23.1367
80.4287
33.8698
9.19812
12.0938
41.5374
40.0135
45.6635
84.0222
11.215
56.9734
34.3152
40.8255
53.1304
59.4862
85.3116
81.4229
95.7727
81.4537
42.0226
31.4865
52.745
99.9187
32.1634
5.65686
28.6908
82.4191
75.4434
31.7809
32.2455
80.6415
51.9846
30.2694
24.4617
98.0049
54.4867
76.1696
31.6166
10.0056
31.669
75.1134
25.645
7.42709
4.30389
61.1352
20.0839
89.6842
82.8337
33.9183
46.2734
79.8114
77.7611
44.0324
18.97
68.0511
54.1967
53.9081
74.0186
2.28918
74.2209
53.6159
60.795
73.5268
36.4344
18.3772
85.545
12.4762
94.4261
88.5925
88.9467
22.5512
85.6119
13.7754
78.292
60.9129
49.3622
67.6352
55.1737
98.8302
44.9496
75.6578
52.3899
27.3796
62.9891
89.8958
88.6623
93.9643
3.04266
26.6245
50.4125
32.7982
99.5205
22.8137
16.9663
86.797
68.7105
20.873
66.6079
59.224
30.3717
65.062
17.7046
28.8549
45.1406
46.3773
47.8167
3.93656
96.0381
56.2467
19.5367
43.8916
10.9934
78.2624
29.3086
33.9635
8.82986
43.3944
17.0709
43.1308
80.9466
79.2251
43.0098
18.8244
1.4662
43.3583
56.1875
96.5783
96.6454
22.8028
4.76871
65.9556
3.12221
29.3175
10.075
98.62
60.5057
58.7755
56.2164
40.5443
11.8671
39.7106
37.201
44.2294
70.6302
64.9383
73.465
1.20704
20.8292
46.2715
98.772
63.4584
87.0301
87.9463
60.7306
9.18706
72.7155
65.2229
64.4257
72.6928
24.0981
46.0813
54.5215
25.7826
35.221
80.3141
47.2134
50.669
68.6201
56.935
35.5091
19.8017
95.774
97.2146
41.1586
15.4699
82.84
60.4786
1.76979
43.7449
38.2947
23.0084
31.3572
77.8608
4.1871
79.7665
78.5784
69.3659
95.7781
40.883
18.855
55.2168
87.575
90.5331
22.2228
77.7895
19.9483
36.4945
3.51177
82.5926
65.0527
44.0734
98.3765
4.53636
42.6696
89.0923
39.7477
66.1445
11.7951
2.78778
68.7298
89.1795
33.1374
67.4885
41.6525
42.904
15.1451
81.6011
26.911
19.2818
36.0075
84.1196
10.4284
36.9992
94.5974
43.6145
54.8377
89.2677
64.8762
15.5685
74.0923
5.20073
21.8145
45.8777
35.7727
11.886
71.2603
22.7477
81.1631
35.285
21.8851
34.9409
38.0079
74.321
89.0273
46.8734
68.1049
32.5196
79.6986
40.5097
5.38065
28.6937
85.1744
88.3046
75.6584
50.8016
21.6213
88.8755
24.3426
59.6866
5.74866
27.5345
16.1777
18.1265
89.8967
37.5434
1.47863
85.3858
34.6831
39.4959
79.0582
7.50097
18.55
72.5122
99.5233
70.5382
32.1561
81.8058
38.2158
3.8623
81.3488
14.4735
26.9991
90.0376
33.3742
52.8973
77.4589
96.9747
89.5682
42.5728
48.9824
83.4583
62.4896
70.6083
52.7913
91.3974
50.3298
4.37106
84.3137
99.2083
84.4504
91.5581
13.5349
61.0294
58.8253
31.0057
8.68776
35.965
14.6899
98.8841
61.4442
37.7334
92.42
48.4283
87.2843
95.4086
96.4867
56.651
80.3577
91.0515
53.5528
48.2542
85.829
7.10632
96.757
81.8798
91.7517
90.8468
28.4174
91.0612
62.2717
70.9901
66.8946
70.2198
26.1685
68.9429
64.9389
29.4716
81.7794
18.9456
2.65501
87.7763
91.7954
54.9505
49.9681
41.0869
69.6998
88.8327
70.069
25.5084
16.6412
93.3187
84.9509
38.792
49.5283
45.6784
53.8424
44.8891
81.7372
33.7009
94.4555
19.4623
82.1706
7.26255
51.3928
71.0616
92.2969
23.3149
96.7023
57.6703
8.8056
22.9646
6.59858
43.0511
98.6059
85.5174
11.6067
91.3717
32.943
88.1356
55.9139
18.1958
17.7683
14.02
15.0708
74.9977
95.5795
76.2336
74.9222
90.4678
23.1763
35.7002
14.3794
89.3008
63.6379
50.9588
61.9322
24.9101
13.8961
4.9486
78.9076
11.6039
48.757
3.17389
36.2196
57.0694
24.8222
67.5625
23.7813
93.2832
84.323
97.7134
31.106
65.6348
62.7704
79.0014
67.0564
81.5972
10.5597
59.7188
69.9059
6.7997
99.0872
21.7614
19.8794
60.5726
29.0597
72.8898
80.162
24.4283
9.82772
14.1878
87.8818
9.89618
56.447
48.6946
47.7549
94.5961
57.924
33.0277
16.8024
98.0807
93.8962
90.1762
57.3907
83.056
46.8377
89.1207
49.1745
58.6907
67.9971
77.9237
58.1698
96.3693
12.8617
10.3839
14.0207
10.8999
85.6822
96.4746
62.6837
53.5937
80.5793
1.86426
1.47996
22.7717
26.0947
88.1892
34.6857
68.1437
73.5545
16.5552
65.6323
36.2719
90.4221
7.22983
43.9571
89.0313
10.9283
52.1713
23.8466
54.9662
18.3334
85.2824
96.8972
54.4434
27.6493
27.191
85.8454
43.2249
95.2299
10.4809
76.7316
13.9258
33.3694
76.4142
75.9457
7.20668
32.2024
37.8133
73.4168
16.0445
37.9004
37.7519
58.1397
99.8457
83.3451
43.8036
40.4237
4.04839
84.9438
17.7095
22.6432
57.377
42.7462
31.3853
39.726
57.0914
25.5111
22.3229
45.2685
7.53212
81.5668
57.5621
31.5747
13.2841
3.2645
74.7794
37.7001
62.6618
39.7434
70.3715
3.95602
60.8016
31.2753
38.0193
54.8443
80.2672
15.2986
67.9187
73.2218
16.2456
5.10342
95.4359
57.8961
79.0224
88.5708
14.1289
37.5874
8.49871
32.8323
56.8999
69.9874
65.8785
20.4429
52.6876
52.137
97.7266
53.6519
92.4506
80.9345
11.9926
92.9421
16.155
43.971
86.2826
44.0634
85.5325
20.4225
35.0541
2.31645
5.92218
48.0906
13.8326
83.6374
87.6458
45.5342
3.03386
79.7039
81.5315
48.2446
97.3389
85.8016
10.8976
54.966
78.0281
62.1577
17.7365
95.8206
92.7319
44.9749
5.78127
16.0143
92.6575
65.6546
23.7281
60.5245
30.8749
44.5547
49.9654
15.5885
52.6805
58.0806
40.3164
36.1489
50.5462
54.3056
31.2511
59.7004
89.4422
85.9378
31.6885
7.82763
21.506
47.971
23.5149
44.9426
5.42836
27.4852
42.6057
66.1703
18.2748
37.1188
8.51891
76.4265
70.1857
60.2914
72.9659
80.5018
53.8352
80.4726
70.3934
39.0507
91.5178
65.9956
83.6739
40.1649
59.5631
28.3574
26.9138
35.369
9.39153
86.2251
37.4139
66.8843
36.8217
77.9898
18.0386
38.8525
36.6204
4.28912
82.1112
33.6457
23.3407
12.9028
79.1931
82.7179
45.3131
67.3229
28.9405
93.7149
60.8966
55.8531
27.3222
53.311
10.9137
78.8736
4.68129
13.7194
85.2853
29.5182
28.5801
55.0018
83.1591
59.5608
31.5826
13.7485
44.2495
44.6072
45.4872
69.862
18.1502
69.3734
77.4443
81.2563
11.2163
59.0245
76.9818
97.7069
61.574
75.1091
47.8306
78.959
56.182
66.3272
71.0255
77.1226
52.907
57.6743
8.86445
42.5011
20.607
51.7228
72.6574
72.995
98.9689
1.44564
44.6836
57.298
27.7126
42.6183
77.4555
55.8986
77.625
34.0775
18.802
92.7628
76.9269
35.7064
84.6701
89.6602
34.4984
98.5542
97.4349
5.50243
35.3643
18.1985
57.6825
90.4695
78.9797
55.9563
12.6414
30.3514
35.8154
82.0188
39.3848
16.2592
54.3599
83.849
33.1107
13.5397
37.1687
5.80699
69.0613
88.8317
65.0234
61.9229
48.7332
87.6563
43.6129
77.4249
24.2533
15.4357
11.8744
48.7993
36.8937
77.893
31.9625
27.615
70.9325
26.3749
74.5013
54.5824
27.0276
79.6974
47.7832
30.6213
64.5061
32.3868
42.1317
61.8972
52.3338
14.1257
35.2655
72.2776
64.7184
75.8985
79.129
8.55217
54.2166
12.3883
41.6104
77.699
12.4034
23.0563
96.375
58.2659
93.4293
26.9756
64.3004
98.3661
58.9926
28.6808
34.4475
63.8957
89.3458
21.6202
29.0064
83.397
99.9023
73.37
55.4161
75.6123
67.1302
93.8148
32.1628
43.0446
25.4287
81.2457
57.4007
82.0013
76.5089
86.1973
58.1881
21.5634
77.5866
84.7096
16.0163
65.8001
66.4889
14.6779
54.8904
81.2438
52.8283
31.2323
79.7227
81.5334
14.0941
66.4204
69.2694
88.1606
94.1573
5.23701
78.7716
53.3416
42.3701
44.0895
42.4474
26.6111
15.1385
27.1752
81.6991
1.94773
45.9494
4.57706
30.2699
81.4657
75.3166
22.6537
35.1062
98.5629
29.6144
52.3196
36.6785
67.0632
23.6542
7.45311
14.565
2.31271
33.7104
24.3718
50.5948
30.3794
83.7976
99.5577
17.1965
50.018
37.4459
19.9853
99.8254
53.1354
25.3534
27.139
16.5014
25.4839
21.5868
58.4939
27.43
13.5337
23.8508
87.7248
39.3048
76.3947
2.53242
2.63712
69.9434
69.0935
90.3551
29.188
23.8563
38.1051
20.9312
26.8207
85.9282
40.8417
88.7348
98.352
79.3932
8.18092
47.498
82.9664
1.38507
26.5765
32.4947
66.7411
7.00743
60.8851
84.1217
51.4849
42.4303
32.4232
4.90438
87.1827
79.0045
37.6574
46.665
38.916
64.3113
3.03179
90.6156
43.5828
47.0125
24.7685
58.2402
77.3154
9.62083
95.2664
16.241
56.1236
35.2089
66.1863
98.8484
78.3134
52.7318
53.1339
63.9204
39.6541
92.5047
36.9943
51.8169
89.9168
30.2718
41.0874
18.6549
70.9385
63.9318
33.0107
32.1776
42.6595
62.7274
97.1377
16.864
58.4788
51.0412
44.9655
1.28992
75.9017
87.6261
35.2036
37.7222
30.7161
27.5185
58.9794
80.0195
58.1682
10.031
43.605
96.7773
48.3378
54.7788
90.0651
22.9248
38.6856
59.4623
53.7985
92.2095
47.0784
95.9038
54.2365
86.0032
44.2899
48.8281
84.9013
95.7052
58.6404
57.7081
80.1611
9.57519
12.7625
46.1294
91.1196
22.6889
43.1849
75.3331
12.8926
81.799
71.0093
17.0903
74.6406
32.3171
22.8006
44.2208
27.6487
35.2826
91.0483
70.9113
15.4423
62.2404
67.0828
70.9022
4.06684
80.356
50.5063
60.3482
55.8496
70.5391
60.7191
35.3404
32.3762
22.2759
13.493
34.8228
40.9125
75.0946
1.88709
65.7229
93.8402
10.9161
97.7011
64.5612
97.1901
93.6005
83.8374
92.552
8.83366
15.3647
8.5035
3.14029
66.9828
45.3636
85.9178
30.1527
5.2991
18.161
28.5033
84.3787
22.7906
11.3867
27.0093
47.5908
22.0727
75.7115
64.9638
72.5677
74.4379
6.28201
82.5266
20.0145
74.2027
52.834
16.3934
86.8708
24.9681
30.8956
63.3374
35.1429
27.5462
59.7964
48.761
95.0263
98.7312
98.5486
64.5019
20.4607
5.30705
23.5618
4.45298
26.3939
6.0167
28.154
18.7254
99.4647
93.2305
32.9804
41.9003
33.784
33.96
48.0891
47.1194
7.65634
40.7491
5.38373
47.9956
70.485
12.9367
79.7516
29.352
62.373
79.5869
35.3642
39.2043
92.2853
14.1518
30.956
95.4668
76.9126
39.2692
71.5023
90.0349
2.92087
8.0155
71.8895
17.6722
59.2783
37.8983
13.8984
41.1865
20.1365
39.2581
5.49696
10.9105
87.0623
59.5202
63.7123
11.7166
81.8987
27.9649
13.4775
77.1728
32.2676
63.9725
60.709
27.3646
1.39682
53.525
28.1561
51.9035
85.3252
67.6337
32.7236
49.657
12.055
49.0145
26.4264
31.3799
95.5209
66.8953
90.4768
75.2536
2.11371
11.6948
54.698
63.3365
54.7113
53.9539
19.5026
46.2935
43.8631
55.0676
77.2633
73.9243
86.7673
58.0594
5.7642
11.6936
87.31
76.4291
27.8228
8.02691
76.6333
55.4414
71.9123
65.7961
42.7764
41.532
48.984
14.8209
72.6485
83.087
76.9813
22.2797
33.2167
10.2512
84.9147
63.855
91.9749
82.5627
97.5469
86.0099
94.4484
75.2404
32.843
89.6572
48.6548
53.9523
76.7528
37.0383
24.4155
13.8902
25.724
77.2841
69.4311
15.282
46.993
67.3508
50.2774
85.1061
25.882
47.8639
61.9611
6.05065
39.2233
55.4195
35.6315
12.9272
82.643
44.1008
88.8746
26.5717
34.9561
42.6927
62.8642
53.654
13.5539
86.0757
44.9274
14.3667
19.6833
69.1282
74.0302
54.2167
55.6854
9.83335
8.8624
61.9105
30.4617
85.0155
42.0775
62.7632
82.675
86.586
63.7525
74.1022
21.5039
96.5218
67.3464
81.1
16.4824
67.0291
54.2683
31.9504
85.5818
70.2358
35.335
73.5322
33.2612
44.7035
44.4365
63.7088
15.4363
21.8281
98.6955
38.0244
49.4381
72.3291
78.1082
75.8201
45.3724
7.37915
94.0387
1.43954
29.3712
90.857
17.004
40.85
20.4185
80.4601
49.8178
72.9347
73.4792
21.781
52.1789
44.2513
25.5444
37.5446
77.3801
39.1739
39.7024
97.1899
18.3934
47.4878
39.194
25.8067
22.211
44.9756
46.973
71.4914
27.0894
77.1649
46.408
80.391
9.47505
26.8944
47.915
64.5178
99.6592
26.3756
58.9247
72.2728
18.324
74.0491
72.4344
80.7094
88.539
64.0878
28.9521
86.6042
81.5143
68.5933
63.678
32.08
42.52
86.733
18.3007
5.63128
52.0556
39.6451
57.4756
2.50048
43.3425
21.6115
75.9263
70.6029
14.4885
94.7509
71.3215
95.7407
71.3955
42.2589
29.7685
71.1608
86.5876
81.127
79.2698
28.4671
89.5043
83.0246
86.9861
99.625
39.0311
4.05093
50.4252
43.6005
72.5719
56.8633
7.08109
52.7532
87.1505
88.4904
76.6424
23.8265
53.3096
98.6618
30.8233
93.3185
46.9524
53.9631
45.8947
22.943
63.0686
23.1605
13.5612
51.316
29.9945
78.0875
22.0648
89.3192
28.8775
84.1843
40.6349
50.0832
64.8098
23.3281
39.1885
42.5193
47.2786
31.3789
35.3918
99.7656
25.8343
1.54206
59.9224
43.7907
86.9935
50.4993
51.6004
64.3078
99.4897
63.3867
63.9689
86.1221
11.9598
99.2347
83.4919
90.3343
12.9013
46.5078
16.186
13.7012
38.4688
75.7783
18.4939
25.9206
48.234
2.08418
55.694
65.4933
29.393
14.2917
50.7432
9.23586
50.1984
79.3105
30.2943
44.3345
68.3134
37.5903
23.6228
22.452
35.1907
39.3073
28.3211
29.5122
93.7394
67.8893
37.1768
31.5913
5.00035
92.3286
5.56009
42.0635
24.779
70.9762
45.4228
89.5553
47.5985
44.283
96.6753
80.6901
96.8858
83.2447
5.31672
52.4596
41.6877
70.9728
8.44077
44.9556
38.5901
14.9868
17.4592
27.816
9.78692
29.7709
14.4005
67.7908
54.2674
78.1144
51.2049
13.0753
76.7265
43.5185
47.4218
41.6521
60.1283
43.9014
30.446
31.4466
29.0794
96.6205
86.8266
63.967
45.2701
51.0193
60.3773
41.202
32.9724
73.6926
62.8377
29.1377
63.2655
84.7646
7.58848
36.3803
13.3934
86.0894
19.6274
87.6976
39.7052
24.8404
17.1504
86.4916
83.7231
10.6245
21.8381
27.937
59.2307
17.6549
44.0875
39.4419
40.3219
99.7376
99.7316
50.8216
34.631
66.2284
69.6091
44.2526
55.5662
39.5526
27.2448
99.364
78.2795
28.8633
9.42183
7.67503
45.8608
55.6539
59.1699
24.6137
79.8154
84.4781
20.5716
54.8267
50.493
98.7172
68.4768
13.7888
57.8816
28.6566
99.9769
14.1192
64.9593
95.961
10.4009
74.3015
27.828
61.5041
71.9837
93.4527
70.4144
98.8761
69.3754
22.3064
9.63289
73.6317
60.4221
9.02596
84.9149
12.4692
65.9297
13.8114
42.0492
11.2411
91.5758
38.1652
50.775
99.0129
83.7779
97.1055
71.4554
63.453
43.9798
55.3084
93.9719
82.2286
77.246
95.3412
6.49663
65.7351
18.2741
33.2906
61.1207
60.9946
39.078
87.6768
20.8543
57.8327
71.8699
7.37568
35.3818
5.07189
94.8854
31.2518
77.2385
92.3098
28.4717
84.4476
24.3792
80.7049
12.1921
54.6749
73.7553
66.3509
61.9079
11.0176
43.2834
74.603
86.2262
20.0105
92.9108
39.8747
51.7884
59.4004
73.7755
15.3489
56.6536
36.3597
91.477
42.5121
71.9736
33.0286
53.7608
77.1734
74.0972
42.5803
68.873
94.4295
48.1812
4.48417
23.7142
73.2171
93.8799
75.9895
89.4893
96.692
22.2778
12.2681
90.1082
90.1809
55.6539
5.96298
99.6657
1.01739
34.8711
30.3055
88.0272
74.5392
53.2395
84.2544
46.975
16.3877
94.8811
56.7417
83.8056
90.7656
71.1044
58.4748
62.5769
16.3965
80.3172
16.4392
94.6107
88.1264
53.64
65.8303
93.2873
65.0111
29.9572
37.1403
73.5505
68.189
39.8768
38.4675
65.248
20.9218
36.1443
71.9108
99.4948
3.15696
78.6706
58.0554
93.1449
41.6048
95.4272
55.5482
52.0656
54.5703
65.6763
26.0208
67.5605
40.0072
85.2458
24.1522
13.8039
67.1434
49.1158
70.5471
17.1277
69.8287
45.1944
39.8902
19.8285
42.9622
51.8903
77.8486
69.896
35.9799
85.3155
83.9436
82.7232
69.3393
14.5802
28.536
10.3612
47.8303
2.5843
90.5776
90.1861
12.333
41.5434
6.69598
20.0725
21.8762
98.7043
11.6429
78.7797
88.5002
34.1488
70.9733
35.5293
2.49948
63.5146
29.7348
93.2032
87.6901
8.0993
6.75862
85.3089
21.2955
63.4093
36.8701
85.7534
47.704
90.4043
17.0054
31.1673
62.0768
89.5618
50.8304
7.80349
18.7933
84.5835
14.0713
38.0266
76.1129
58.745
97.9386
22.904
30.3454
83.5146
27.6249
19.5263
41.9759
48.0624
51.9858
24.631
45.5311
76.9006
58.4945
94.2201
83.0468
99.4399
49.4284
36.3611
47.509
24.3577
19.9563
84.7464
68.9076
53.5745
12.5641
55.5534
26.1366
76.6018
13.2601
18.3897
75.6198
70.0067
15.2815
45.1748
16.8286
29.329
5.21868
94.7807
60.0562
27.7954
98.6042
15.642
85.4519
12.6654
18.9083
64.9568
64.1637
38.4276
86.9451
62.4161
24.3441
56.2812
61.0825
1.51219
63.5167
84.0366
83.429
47.7913
29.7077
38.9846
4.26626
28.8094
82.8967
44.2913
34.1563
58.2819
14.8281
73.103
71.316
11.4744
94.6215
61.2416
89.7451
52.8562
20.331
93.973
84.1433
57.2523
87.577
68.9403
65.036
79.1077
5.08603
25.1645
3.27607
96.8099
92.2946
78.2667
18.7331
98.9162
63.5189
48.3006
93.1327
46.2439
54.6394
33.5962
17.3786
73.6281
66.0184
27.5517
74.5818
55.4583
47.7822
93.6104
22.6605
62.469
86.5042
70.8902
23.9642
66.6196
34.4116
50.4219
1.69755
40.5247
89.199
63.235
10.9373
70.1182
86.0057
58.4382
54.5468
14.9444
58.6923
89.0693
60.5904
93.1161
2.90324
52.6245
19.9343
2.51763
82.4285
5.96355
44.629
38.0249
77.7312
45.9235
31.0756
17.4556
28.2684
2.47683
60.1837
50.7288
80.697
94.11
13.0297
3.75167
86.8047
74.0801
2.78824
80.5601
19.672
52.2045
57.4758
91.6063
34.1347
85.5084
37.7155
35.7093
85.4807
42.095
28.1166
26.6681
70.1665
51.8131
99.5915
68.6238
16.7098
1.63926
16.3032
27.2682
21.939
64.114
89.9583
84.3157
2.06173
89.002
97.7075
25.202
96.4485
91.61
66.7783
84.0978
54.9104
82.6774
33.1116
85.093
90.1904
82.678
10.982
16.4065
97.2212
26.4815
85.5517
40.7866
19.6145
41.1514
57.3678
72.9675
35.9642
94.3804
86.046
39.5566
87.754
87.6689
49.875
6.35595
57.6193
18.4444
53.6584
81.9542
94.0878
4.37875
1.07321
56.0404
65.3953
74.3278
10.2518
59.6201
70.1743
8.17205
47.1475
51.749
36.4351
80.677
98.8701
18.0746
66.9126
88.7743
99.3484
54.1247
76.1628
76.4351
44.4605
6.66156
66.4989
67.2081
5.45619
26.9923
25.6707
38.4028
58.8656
64.5228
39.6369
32.9485
17.9249
85.6798
19.0732
13.6316
30.4723
22.8854
80.9863
52.9538
15.9801
13.7795
92.9897
79.2679
97.1258
20.6238
62.2741
51.1288
85.502
57.5335
44.0827
97.69
76.3981
72.2853
76.8825
77.4768
80.5751
86.7704
63.8405
32.5787
92.6607
26.8628
38.0584
62.864
7.81128
49.5695
36.1808
96.6453
77.3351
60.9103
24.9106
62.7276
94.0906
61.6323
29.6609
42.7116
8.5568
1.75023
24.2786
3.04904
63.7637
77.7991
47.1614
39.4868
3.68955
36.9073
83.679
1.6966
1.76079
59.7208
86.5189
26.313
91.1058
60.8564
57.7022
9.7126
5.277
84.5282
64.2011
23.5355
40.0219
49.0641
17.8519
93.0813
24.4245
87.7446
65.1507
48.5612
74.1373
11.5217
70.6757
8.27597
58.9329
10.7199
26.0607
4.90454
34.1803
99.5471
55.8278
15.058
23.6329
49.0399
16.1891
89.1861
73.7483
86.6052
94.302
88.0889
29.3631
53.2892
92.1242
58.8805
74.5617
92.2676
31.9947
35.7099
16.3719
74.2038
89.5324
68.302
61.2136
34.0393
72.305
47.3722
19.7783
25.1543
36.6058
32.0753
62.8534
67.3276
33.0691
92.9359
93.5652
63.8544
11.698
94.9687
95.4542
95.7659
59.8016
73.837
1.77587
58.0941
20.9714
9.90231
74.4598
67.4553
46.4706
15.2502
92.2725
4.55422
73.9552
88.4601
13.6852
79.465
87.2858
89.2502
65.188
23.8303
98.6999
69.9563
50.3055
5.2723
70.0778
71.8934
56.1969
81.6989
48.4653
19.8601
34.4638
83.3285
6.32836
15.7227
69.2272
67.1874
25.189
32.6312
39.9646
26.466
14.7088
11.0998
74.9339
42.8782
97.6533
68.2997
89.003
22.9348
78.1068
87.8937
41.9174
49.7334
70.6901
47.5117
28.2339
20.5206
10.8125
79.4621
94.0781
83.6847
15.6027
53.0413
34.5164
57.6215
86.6107
56.9118
36.4328
58.4585
29.227
52.0735
73.0459
22.3452
8.50428
30.1051
61.003
30.0757
4.33295
53.1458
38.5199
25.5059
84.1011
2.14883
15.3542
3.49103
97.0452
81.1955
34.4674
34.7789
74.1112
47.6048
52.9528
53.6308
83.082
86.7728
17.7799
2.81517
68.345
88.251
32.0509
44.5231
74.84
51.5241
23.1483
16.7911
48.9871
82.0311
98.513
59.9874
4.90981
73.4647
73.8558
61.2806
55.4649
36.3568
64.4145
7.39349
47.9345
38.2776
35.5809
99.3711
10.2008
83.2627
24.9367
32.6492
99.1683
49.8622
60.8383
65.0558
63.685
97.8035
63.7195
86.9847
64.0134
33.4105
93.7353
96.3524
23.3843
48.3454
56.5189
76.3114
41.2167
58.5821
15.8717
92.3907
26.1272
99.5144
38.5689
52.0307
27.5824
25.9074
49.4967
84.4361
96.7034
12.3642
57.3209
66.3571
99.6508
20.1198
16.2172
34.124
12.8761
94.6228
26.0655
86.9933
57.3833
93.3721
75.8528
79.5927
25.5981
43.9775
72.553
51.3923
53.7622
75.3349
94.9109
97.9433
94.4323
74.5561
29.5398
43.3283
14.5244
61.6575
98.1267
17.2565
59.2552
12.2604
54.7549
7.6677
66.1364
29.3264
28.9695
98.0262
74.2608
91.7654
6.35358
84.3433
1.33028
86.1614
55.8101
11.7928
70.5388
96.7785
52.504
62.9473
80.0128
4.81058
18.2094
87.6683
87.6065
57.6253
9.1584
76.6235
79.5801
54.5502
19.2082
8.95929
19.344
19.8121
67.8267
74.6907
43.984
87.0698
90.7638
33.3648
87.2156
95.7619
41.2144
33.629
51.4938
23.2211
77.3746
76.4433
75.2154
16.9804
58.3447
19.1838
73.4944
90.7686
43.5478
61.7237
92.7082
3.43118
43.6997
65.5714
23.8968
26.6529
49.5516
72.6728
39.214
84.628
68.5137
14.074
56.043
63.406
97.5782
55.4772
73.07
12.9988
9.24975
41.6864
58.3769
33.299
52.8059
86.7137
75.7945
22.8078
24.8927
90.2232
75.7661
14.4123
96.9411
90.1588
31.2958
51.0758
72.7489
67.1282
83.5318
60.638
34.6933
43.7711
86.1579
58.1704
77.1135
46.951
75.3271
69.9319
42.8297
58.3761
59.3522
84.7604
97.3628
51.8753
62.065
56.0945
9.20716
54.5368
24.9272
8.08399
15.1827
18.9001
14.2985
13.0474
2.45827
1.88064
23.0279
4.25615
52.2634
2.85213
81.3769
59.1174
69.0876
6.1102
92.6925
34.5673
86.4145
18.3859
60.9534
45.6862
93.5809
15.9643
4.66269
76.3327
41.6386
79.783
84.2644
42.0834
58.5189
10.2305
93.982
21.8757
20.8864
44.0823
61.4658
48.9202
38.1039
63.5893
59.2986
73.32
40.0145
46.0483
86.3443
26.3253
91.4187
83.1261
65.3732
80.7276
42.7536
47.6463
55.0284
47.1227
18.8354
26.8223
73.2665
10.0984
2.3414
64.035
35.5143
3.79803
22.0478
7.96452
94.5164
53.3573
41.1495
21.1426
32.8753
32.7432
86.3076
41.8806
61.7459
21.0765
24.7545
94.1746
57.5683
47.9184
44.3196
70.1106
8.21325
21.8405
21.098
24.2444
26.6457
30.2094
61.7236
4.2033
46.9739
48.2751
11.1149
20.1685
34.213
34.7674
74.0467
63.9968
94.7464
71.061
78.0943
48.517
28.8091
65.1299
9.27418
13.8273
84.9682
23.1382
84.8676
68.3591
29.4371
83.9796
53.7053
69.5902
31.9529
42.1691
58.4789
79.235
42.6953
92.8715
21.7591
17.9266
80.1563
62.5245
65.4446
91.1473
41.4987
32.7125
23.2169
81.2394
20.1748
78.8868
27.193
99.1201
87.2879
25.5094
75.1353
14.1383
35.8851
62.2832
19.8421
74.9135
29.5803
47.4625
78.2104
52.5479
91.5059
15.5668
85.8591
34.0099
17.7161
94.5292
69.8701
33.9565
66.7573
98.9838
48.6932
49.8349
7.06859
5.7893
74.6902
74.3854
19.7907
29.5612
26.219
39.2332
35.7527
16.2837
27.8758
31.5663
31.7999
53.4889
20.6188
68.7799
6.49161
12.1527
53.2977
56.6967
40.3968
6.52699
11.0958
59.1339
30.7179
71.331
98.4236
13.7421
61.6768
14.7774
6.24054
27.5011
81.378
76.411
92.2884
55.3175
65.0078
29.0132
68.4258
4.38497
9.29699
35.2191
66.5905
77.993
31.0943
4.52196
23.4395
83.8341
23.5548
25.4815
44.579
23.4657
15.7884
37.8382
37.1408
75.7992
49.9707
48.4903
43.6877
61.0749
12.175
94.444
16.3195
50.2964
92.1753
37.7153
34.7306
55.1991
4.74879
8.56197
11.2584
87.8604
20.0035
20.2039
1.0387
79.6058
37.8066
31.1893
43.5156
72.1727
16.4576
4.4074
16.7589
68.3643
83.8434
22.6793
99.3699
89.7579
54.1449
26.5017
50.8917
62.4911
26.7426
56.8822
87.8643
12.0476
56.5094
85.9788
81.7308
69.9477
6.51572
48.4104
32.122
5.04299
31.0528
91.4683
91.3923
67.1232
11.4055
28.473
9.29422
34.9569
15.1778
35.0557
98.2023
81.4746
54.9895
27.2825
15.5549
8.81902
50.4625
14.8963
46.9341
67.9251
68.9375
8.62488
18.1411
90.1154
56.5577
74.9413
64.4039
55.9346
68.6995
73.0992
64.7353
97.5955
24.4105
24.7997
61.5467
38.9728
7.3015
34.7461
73.2996
81.1622
76.2711
20.2574
2.3647
36.7386
96.0305
87.8101
16.4409
60.2741
6.61515
41.7693
1.20423
89.8588
65.9622
99.6591
19.5996
33.1595
87.4088
73.6647
18.6213
69.9281
46.7598
36.5573
7.24801
54.7511
13.4032
94.7031
72.7374
31.1805
80.5968
31.8643
2.83034
11.9104
91.8605
37.2955
63.0499
98.6257
11.2454
42.4507
71.8864
63.0511
72.74
35.9857
24.5103
64.5837
35.0504
41.526
21.7148
8.98315
13.5618
80.7768
31.8438
52.838
39.3658
15.6408
7.65823
32.7638
81.4211
26.9315
68.2741
8.55209
61.3393
40.0657
67.2853
12.802
27.9284
29.0143
53.6021
66.588
48.2428
42.7927
16.909
58.4698
51.9138
23.6965
66.0127
32.0006
92.5168
46.0309
8.65899
22.8094
50.6102
86.636
49.9787
29.2743
82.2636
86.3774
77.9843
37.6406
15.213
94.4677
66.7047
15.7128
29.8556
26.6884
66.7631
72.9964
42.6507
99.4307
60.8828
34.3629
52.7599
72.1111
11.1429
79.2466
30.6296
85.6267
59.682
4.73247
17.9949
55.5514
77.233
17.1947
69.149
27.2187
44.79
51.8018
41.4674
55.4505
53.3723
27.9126
17.1104
8.89743
5.99892
64.9031
40.0975
24.5173
30.9449
7.82065
86.4353
16.0946
29.698
2.63875
76.7205
8.47312
44.2587
67.6269
6.27132
11.1671
74.8025
24.9246
53.2341
95.4949
38.1925
5.35573
61.3061
88.3357
64.4127
88.3684
20.4995
32.1492
38.3766
96.017
99.1901
47.3889
37.9851
83.8078
11.9371
58.0757
24.7325
56.0015
77.5858
56.3171
66.5572
53.4468
30.0753
78.1863
10.6478
74.7562
87.9782
91.2094
55.7358
42.175
53.3396
4.85642
58.5994
65.3291
57.7618
58.1928
15.1472
45.3325
83.1099
80.585
27.6065
76.0141
93.8313
13.6284
68.2327
42.9606
22.5092
45.3518
83.8618
44.5664
55.239
59.4819
13.3656
7.08933
87.5154
89.0848
44.8703
81.3915
13.32
73.6615
58.7726
29.2065
39.7386
6.61933
56.0706
29.7148
67.1187
30.618
21.3645
42.8741
31.263
56.1637
25.0353
86.4486
83.263
56.9304
30.1233
69.2173
17.2711
52.2149
39.937
37.8971
6.58272
55.541
51.8867
40.0426
51.5729
56.9009
56.5757
37.0032
73.4985
18.3706
66.9867
40.0741
35.1279
86.9384
88.3099
48.2832
24.4964
37.934
87.1351
87.5403
53.394
92.4427
49.4025
68.5021
72.6203
49.4028
50.1101
15.6091
78.7748
68.9088
62.3859
34.4788
83.7673
17.3505
1.68537
28.1343
11.3893
55.0718
54.2694
75.1862
78.35
15.3127
34.0655
18.0558
92.8529
92.4923
26.1366
97.072
47.9775
15.8242
80.0414
23.4042
74.724
81.1902
85.0658
83.434
62.0314
82.7636
30.158
17.1455
85.6331
78.1223
7.37205
15.2774
86.3164
92.911
16.0476
47.7229
96.597
20.8024
29.172
44.7601
10.8418
63.1269
74.8883
63.1587
80.7687
67.2315
37.1455
14.0424
34.3688
32.3965
11.0963
37.351
62.9435
20.1726
32.6708
48.4089
89.5085
58.4481
76.2509
95.2909
56.1751
71.1684
19.81
81.061
93.115
61.885
19.1635
85.4823
93.1168
70.9662
21.0183
55.8891
62.1087
44.2979
61.1441
96.6572
76.3284
44.7476
31.6214
51.188
25.8523
90.2309
72.8269
45.4974
60.8053
64.7272
62.8148
28.5783
65.7899
81.6867
18.1162
60.6794
32.4362
84.014
8.29461
42.3356
68.807
95.5962
90.7242
63.1789
35.1861
61.5144
41.1315
73.1187
87.2643
35.5902
26.0046
47.5765
76.6221
52.3639
74.4877
94.9332
87.877
78.466
85.6098
54.9123
74.2275
38.4743
60.2023
27.6467
34.2374
13.7028
21.3011
41.3299
46.5784
40.4974
59.5134
86.8375
1.50576
29.7841
13.9305
64.1277
55.2656
8.90904
95.0669
17.0581
13.7165
58.8763
63.0475
91.8046
77.6946
37.051
62.0023
23.1302
27.3438
68.3689
83.5526
92.9231
83.4691
94.7639
83.7033
34.4086
13.2636
58.2612
71.5125
51.4591
19.5744
29.7182
67.1677
96.3984
99.0382
17.1005
26.1393
45.7283
81.3372
77.5102
76.5468
47.7324
39.6222
73.0693
34.0104
37.6137
42.5655
36.797
41.6015
69.3152
4.05727
27.4081
69.8177
52.3675
7.34149
61.2144
52.1626
62.9903
44.8468
17.9811
55.1166
26.2058
88.37
19.2435
93.4
60.5819
53.7982
9.33144
82.0295
66.19
41.8847
27.6403
95.9434
28.758
38.6624
81.2526
18.0172
93.6007
93.6917
67.5835
49.5786
90.1317
95.2746
4.48856
31.5278
49.8004
31.0986
48.8751
35.3783
68.982
76.3992
53.7113
28.2735
69.6482
64.4862
2.31055
39.9613
25.1598
96.565
85.5919
63.7091
31.1561
73.1736
20.2811
10.8961
35.8882
44.7202
8.16352
1.5337
50.6038
98.3342
6.49529
74.8326
87.7981
68.2481
15.6643
13.715
64.3628
31.8005
34.7318
66.7977
54.7111
59.7356
67.4691
79.2798
7.07861
48.1185
48.3124
37.5781
26.4223
88.8635
99.5621
35.4
1.51825
40.6573
15.1926
20.5986
31.6023
16.9223
40.4687
51.7587
29.3971
64.2717
54.0903
59.0946
46.1474
52.9058
58.0823
85.2312
69.3984
61.8274
74.7017
5.15794
31.2954
42.9432
20.7555
76.0441
7.096
34.7688
47.1269
76.7621
31.5701
19.8707
39.5941
58.1861
54.1314
96.508
6.3249
97.644
65.425
3.30259
29.9816
23.7651
42.4021
24.5079
95.1446
5.47636
56.756
66.3441
50.4908
60.1908
12.29
82.1629
33.4776
76.9706
31.2214
63.2578
42.8924
77.1135
78.7587
22.2085
44.6423
66.3495
7.1329
8.97549
13.0605
51.9961
56.7562
94.829
68.4391
85.6935
23.2583
76.4708
6.07137
96.4534
49.5833
41.5179
42.2221
61.1858
50.2549
87.966
84.8236
64.281
67.5965
52.9981
9.3216
97.7911
17.1676
11.8862
34.9437
25.7806
33.8321
47.4371
44.8907
99.3347
77.2569
3.01704
5.55568
5.19522
88.9469
66.8456
78.0143
83.9149
23.4647
16.0912
45.5791
26.4555
94.7976
51.5621
78.6077
53.2197
74.5616
4.79399
41.1319
96.4228
91.5811
96.5789
80.0901
10.2116
57.7189
40.7527
12.3636
97.0995
2.29822
50.9333
78.741
47.3786
22.5642
10.898
56.5271
49.7468
66.3462
