38.6171
48.3048
35.9062
22.0062
3.89445
52.6656
37.6517
12.7688
70.11
10.4394
49.7295
68.9436
46.3522
79.726
49.5177
54.1896
53.624
89.8651
49.6032
82.8791
21.2435
56.4078
14.0111
1.1653
44.8691
72.803
29.7937
46.046
60.6696
11.4694
1.66275
44.9298
12.5692
87.2876
87.8889
57.813
8.45307
34.2592
57.7101
83.5629
84.7088
97.6672
60.9058
9.39197
18.0298
65.3547
23.4218
39.2321
11.1815
7.84739
83.7181
5.037
73.1437
39.5641
9.45287
25.8462
91.1058
76.7865
48.2994
6.46343
22.5924
14.7534
39.3585
49.1277
24.7104
8.67727
80.1521
41.9273
29.3606
47.3816
55.4054
47.6025
25.4541
93.4915
93.181
41.2452
65.0825
69.3292
71.8889
77.0445
21.9005
96.7533
66.3865
47.3272
11.9771
85.5413
27.7749
77.8057
40.8272
1.81383
27.8854
17.9227
92.7049
5.65218
98.9795
87.2394
43.2235
43.3628
52.6295
21.5825
40.4267
39.5901
74.968
73.6435
84.2738
61.5233
11.5665
84.5682
9.97182
37.3011
67.4269
37.5083
93.3786
39.8972
88.7511
29.5711
60.1371
39.78
98.3733
28.0359
59.8728
64.734
2.05058
56.009
80.515
12.0967
98.3605
38.3417
44.6695
2.85088
71.912
67.5548
52.6101
96.4526
96.5371
39.4493
37.9709
66.021
8.63503
83.0557
63.9569
49.2511
59.4367
41.0045
56.4072
38.1536
13.1084
21.4204
93.4418
80.1332
62.0888
31.4927
29.2818
49.3592
10.7624
68.9132
70.1313
29.2319
87.6631
17.2361
87.9134
49.5816
3.14047
48.8323
20.6387
19.5181
17.1733
89.7855
74.9335
17.8709
65.1963
59.2801
11.6972
30.7612
9.49828
45.1681
46.0948
69.1335
51.3344
82.0727
27.4257
53.4209
95.9503
17.7076
58.0325
45.7611
3.48266
16.0098
85.0173
40.5273
57.4149
82.8607
65.0344
24.4905
6.98266
51.3155
14.002
99.4213
70.1879
26.4476
9.78318
11.4224
59.0982
32.6386
73.3945
88.8312
44.6953
83.6271
94.1412
55.6785
75.3295
69.9059
21.4044
57.4907
39.3552
27.1963
15.291
18.4593
44.3948
29.1224
18.4827
93.4079
20.7934
35.4115
87.7153
35.4172
18.9976
55.0716
90.7408
29.7115
93.9565
23.2715
58.7453
78.6176
22.5436
52.0642
80.6477
85.2898
17.4966
45.1961
79.4197
93.9559
91.7609
97.4036
45.0996
98.466
68.2758
93.599
38.8174
89.6767
58.9698
71.7467
13.2091
30.1622
65.7135
81.0585
14.8713
45.2117
23.3415
53.2336
74.1511
41.8194
8.15774
59.5518
41.9161
24.0471
68.3118
1.36217
36.15
30.1326
13.8961
10.7459
74.3913
58.1218
72.8616
43.192
56.4198
59.2094
96.4163
56.8171
60.8783
4.65141
86.0203
10.8168
14.8373
68.4617
86.8752
95.3473
40.7493
89.2093
49.2916
11.4819
22.0651
59.5898
59.7024
37.2804
40.3354
2.50067
31.333
46.9018
8.75691
58.95
15.6941
1.05615
81.3936
47.5294
25.1165
89.3132
59.6153
73.5988
66.888
27.8189
3.18359
33.3097
48.4227
94.6907
46.4667
91.8261
64.5246
71.545
67.3088
21.0607
99.7573
46.4128
81.9555
19.0367
37.2017
83.0303
87.904
46.9143
8.31119
42.946
96.5189
32.4056
26.4109
29.0206
11.7313
11.5001
42.6823
63.9587
58.1591
10.8355
40.5058
30.1772
31.4367
2.00845
51.0497
30.4912
82.096
11.758
46.3197
91.1595
96.3098
70.7088
72.6816
76.8598
44.094
19.1409
66.3761
81.0718
29.9848
30.2337
79.2796
10.8999
88.1412
17.508
47.4624
4.25769
20.1813
94.8838
56.3165
26.1553
30.278
49.5527
30.1198
75.3619
35.8188
91.5628
78.148
69.4339
65.2424
43.8279
46.54
76.3358
1.35096
57.8441
26.6399
27.0214
92.3742
34.5814
14.5258
89.5953
29.6673
61.1179
69.7813
81.8713
19.0437
39.3965
87.1952
74.6878
92.6983
29.6012
62.492
5.19543
28.6328
61.7375
86.0729
61.0939
64.6408
92.4848
51.8843
5.59462
15.2123
12.2304
71.167
48.8294
86.2804
75.8261
25.6283
73.5971
92.349
65.5802
11.6556
42.7235
79.4899
74.6975
44.0295
85.3177
29.3199
69.7067
66.2744
74.1997
30.9339
1.00846
24.7159
11.9889
13.0252
51.7617
59.1415
58.8122
63.5064
96.6205
10.2756
1.52594
10.1252
82.883
60.3535
66.6461
79.5189
51.5707
51.5572
66.3962
88.9376
80.5018
17.246
57.1848
91.7712
60.2029
81.8792
30.0187
71.4415
75.1299
88.9075
44.1373
64.7192
85.1959
13.9967
32.321
94.0961
96.2871
36.7407
23.4297
1.52474
16.8816
3.13612
73.548
41.4148
77.5962
58.2512
23.3861
82.3532
9.86388
97.982
66.8473
2.85512
1.73137
78.7409
12.511
21.3144
81.9366
76.0105
2.01006
44.1512
53.8165
26.0591
64.5455
63.1283
32.5555
91.3144
43.4596
70.1696
24.1699
28.1124
63.8023
55.6335
73.9975
89.3224
49.9849
20.8804
60.7822
86.3967
10.8904
77.8555
29.2922
84.0115
61.9239
77.5533
20.9944
54.533
25.9494
41.0744
87.0047
38.7831
92.6483
33.1399
89.9612
44.7185
36.5665
24.9008
50.3111
93.8557
52.5836
52.996
89.2155
17.8293
24.2088
85.1272
78.1884
8.19976
21.0932
8.5738
70.7702
22.2963
16.6241
49.4852
64.6074
82.3388
63.7783
98.8843
90.7375
81.8878
74.4619
96.9513
2.34928
74.2017
41.3532
35.1936
97.7129
38.6464
24.435
51.6774
89.77
84.7356
17.9686
56.1476
30.0275
62.486
32.3378
62.7936
9.49174
60.2571
12.3747
96.2222
42.4204
76.0533
90.978
99.6831
30.0543
52.4572
94.6295
96.1275
55.2031
49.4486
22.4129
37.2172
32.1486
8.33049
7.35004
69.4987
84.6441
98.2527
75.626
70.2839
92.0595
50.6244
85.947
66.9222
86.812
27.9489
35.2763
51.8436
65.9551
97.7058
47.721
49.6039
9.84669
90.0843
1.14379
36.7606
76.3855
70.5136
6.13932
15.1015
66.7835
41.8608
90.3982
64.6365
93.9432
9.89539
43.2786
85.8718
25.0976
46.9432
68.8921
82.0072
55.5787
31.2626
32.0853
34.9275
85.0822
27.6228
53.8686
18.2483
38.1299
44.0557
95.8515
95.8182
14.6245
90.962
74.605
28.7657
90.014
37.1932
36.6083
60.5527
53.2742
94.5748
98.1514
61.043
9.35733
92.1202
3.2921
73.7042
79.328
68.052
49.1124
68.7607
80.792
27.9627
11.7477
36.1449
66.3308
49.6383
78.0407
21.2332
55.5917
97.5048
63.3491
43.8571
69.1352
31.7048
80.2102
81.633
5.1118
84.2318
33.3223
44.2949
48.7049
13.8399
72.513
32.4245
98.5231
88.0556
74.66
70.7761
50.3923
42.5658
67.7409
79.5832
79.5968
64.6896
60.3179
36.4309
27.6868
29.087
43.6578
12.8558
42.4968
23.5612
46.0029
71.3055
36.653
82.9956
38.0864
27.2593
9.95976
1.51405
15.8112
54.2069
9.07042
24.5138
72.6475
84.0617
48.268
2.48791
44.7698
15.2777
21.546
72.0301
69.2769
71.6849
21.2292
12.9048
26.9105
20.9723
64.0111
7.71739
84.9815
3.96656
10.0771
63.1782
37.8086
79.2477
60.4809
83.5593
27.7395
82.9226
60.9194
11.118
60.8355
56.1751
47.3258
68.2272
5.72607
78.2529
28.7408
57.1189
21.4783
31.8277
45.8919
68.9043
17.9675
87.0904
55.395
4.72794
98.1905
69.7162
5.54934
15.6546
87.9979
69.1996
21.6613
80.303
50.4999
42.6479
97.5859
96.473
94.5087
80.7585
88.88
5.7154
54.6127
27.1096
75.6721
87.6026
57.548
94.7241
59.9851
95.7975
49.1354
6.46039
77.3981
19.3677
79.6241
24.3957
54.5491
96.6131
26.5439
82.583
15.3906
4.52216
34.3437
18.3579
24.0671
7.02502
89.8169
33.0819
78.2263
28.3087
90.6995
98.7304
76.5728
39.7593
26.7274
73.4418
20.8296
84.233
95.8052
61.8322
60.5435
15.9936
31.9187
91.965
73.2956
74.7889
55.2633
36.1131
96.1447
66.9192
9.79431
67.6046
58.2256
33.8152
68.9009
5.17177
48.6049
74.434
66.5158
27.8198
6.21915
1.01913
21.8471
50.1328
46.2914
87.8894
2.2961
27.2687
59.7612
51.1063
34.5881
98.6072
28.3909
83.3856
52.0318
71.4533
93.4257
79.2074
26.4994
80.9356
26.9295
19.3548
30.0678
74.6222
79.1181
57.3192
60.7505
36.9066
77.0977
66.6658
78.5305
98.6163
26.8989
76.4218
15.2069
34.9106
95.7937
63.5576
80.8037
40.7709
20.6802
7.54015
98.6644
46.7245
16.1098
53.7194
38.0596
33.16
38.9095
51.5319
32.2156
75.2054
90.9224
55.0306
45.4304
56.0656
83.1657
79.2711
84.7223
81.2983
60.6801
40.7023
53.2872
74.9259
51.5495
27.6023
8.72888
79.7611
57.1688
47.0809
38.3353
9.23359
3.60457
5.57979
51.8088
2.27289
65.0232
54.992
65.4098
35.5168
78.8427
73.3117
94.7914
12.5463
71.6249
20.9201
17.1532
14.331
80.4534
34.0652
23.4781
39.7706
60.2347
50.2413
67.4544
41.5428
21.4273
87.3803
68.7809
17.576
3.50812
70.9518
54.6855
60.4624
89.1628
13.0199
87.8236
32.2234
61.4613
64.3483
77.7684
34.2334
94.9424
1.19704
50.2168
24.371
49.021
58.524
55.1759
1.11398
9.20072
40.3979
80.5022
96.3553
16.5239
72.0808
73.7813
74.1005
47.7391
21.0741
16.1961
92.0685
87.9762
77.8139
94.5297
60.7813
4.57428
98.0949
85.1058
49.1608
51.9074
74.0835
63.8019
74.7159
88.4523
53.4737
97.8518
8.90194
36.8624
13.3804
10.6434
35.5994
37.1882
84.107
20.6632
92.5852
11.2931
28.254
24.3265
35.4011
83.1489
8.09892
34.407
30.3972
52.2946
27.2667
99.8823
28.9645
68.5435
40.6708
9.26622
29.6027
48.6967
85.6124
35.6178
86.7548
78.0989
48.4493
38.4413
49.8274
7.39114
49.732
69.6733
16.8201
16.5883
55.9644
5.68898
76.0599
56.9487
76.3701
81.6567
84.948
97.7414
9.41846
16.1238
27.8838
12.505
27.934
47.067
7.53899
59.6618
31.3407
25.2638
15.0951
5.73355
81.0613
67.3773
37.8081
22.2622
77.0671
19.0222
43.9139
47.3395
66.5809
32.6664
90.1728
42.2043
6.36728
14.4208
74.2446
96.8628
51.0168
71.0007
29.4154
86.9174
48.2331
54.6648
45.0336
26.9528
76.3329
17.0373
89.9264
82.0833
86.5557
31.9154
66.559
25.7655
57.1863
99.0655
5.57002
58.4007
40.9013
9.60632
27.7502
73.4822
18.7886
57.4888
71.3039
17.8849
63.8041
19.6433
51.2784
60.1136
59.0276
14.2111
97.794
22.933
91.1834
3.37929
3.44446
47.4942
33.3273
6.18891
39.3319
99.5457
84.4509
30.4329
34.8401
24.4505
84.2278
68.0287
3.76293
14.1736
75.6849
10.2067
41.8779
80.8018
22.6435
70
51.9275
92.4601
6.37892
79.835
72.7901
78.5839
27.6246
96.9751
53.7317
63.7976
19.0096
18.8322
77.5184
64.0201
37.3456
14.8361
36.4269
42.6105
62.9006
16.117
24.723
77.1953
28.2372
29.3955
33.4105
31.8417
26.6278
24.6245
98.637
21.9072
91.8468
83.1524
99.1644
11.991
8.06561
42.7523
75.167
76.5981
79.7713
76.3585
26.7005
43.1496
16.3359
28.1324
22.6945
59.587
35.4427
76.7267
52.7875
34.6356
27.4562
90.4516
18.2616
2.39315
2.91794
9.28606
44.5416
39.9588
68.6066
49.7369
57.8533
31.5461
49.8763
71.5393
28.4762
18.2899
73.698
18.6715
50.7163
8.49689
17.0432
11.1099
48.0394
26.2273
49.3445
59.8981
39.7896
79.2081
67.1584
83.9079
24.2119
96.5322
50.0306
65.7793
88.5288
30.1726
74.7859
13.082
82.9841
20.9923
6.62942
65.5423
96.9633
95.8337
7.95328
74.4434
59.3259
1.23693
81.2622
35.15
36.7926
63.4278
39.7984
89.6914
93.4892
98.0909
62.3223
19.364
53.6542
29.3263
72.734
84.3043
97.3492
16.8273
42.2109
27.9698
93.674
74.2623
93.6247
4.66634
68.6894
39.4411
90.3726
40.8331
54.9912
61.8756
55.7177
85.4303
21.5368
71.5802
62.1949
47.349
79.5515
26.6846
28.0991
40.5348
77.3396
35.2471
66.8875
93.3663
56.2361
8.55653
39.2374
95.8812
61.2615
41.499
81.6151
41.5697
85.3853
24.4537
15.8983
58.5377
31.734
60.1433
44.5291
39.4413
1.84627
44.0974
67.8383
19.0863
36.23
91.601
59.8407
25.0884
89.5333
50.2295
71.075
35.2972
66.7709
69.6949
25.3065
8.95253
83.1184
58.8175
76.6597
4.38843
36.4218
58.4067
45.7556
19.3002
39.1433
79.9288
43.2805
75.9077
99.2934
58.4585
39.2391
31.0438
71.1647
31.4451
28.3567
33.5281
97.2006
78.7436
88.55
50.3772
21.6412
74.4841
82.6546
55.3791
21.1229
20.8414
39.2913
89.2889
63.6474
42.9421
15.2454
41.7841
35.3614
67.7737
60.733
37.5281
99.476
27.8244
84.5079
24.4779
38.2048
48.6064
49.7501
60.9261
47.8239
11.582
93.7746
48.7374
98.9816
46.1026
47.288
65.8014
41.7895
61.571
61.363
25.7176
98.6165
8.97146
90.0853
48.4055
15.0422
87.6265
97.1284
2.48135
56.539
99.0051
88.5256
63.7864
93.2047
35.3267
63.3868
67.7007
5.03625
56.1043
48.7862
86.907
69.42
97.9407
70.8758
71.5827
59.9485
90.7959
9.01713
11.0236
84.2468
89.3929
58.8833
82.083
36.018
66.2525
47.705
70.2663
49.2972
30.0518
80.9896
75.2815
15.244
74.5012
18.0798
78.4678
37.0278
17.0463
11.007
4.64213
25.7238
16.6818
90.485
78.5178
71.2831
28.9155
76.1491
1.44384
78.3511
23.6441
37.7883
28.9116
61.8449
25.5526
12.9929
45.7663
32.6868
29.518
60.0284
98.8344
91.6254
44.9697
56.6709
84.8881
14.4989
66.9244
64.9407
50.6802
28.1064
19.5376
53.189
44.8611
3.03118
69.1881
18.8623
3.9602
88.1251
6.19224
36.9561
86.7078
94.5072
89.9953
69.445
94.417
67.3783
79.5481
77.7614
61.1799
25.7543
17.278
46.0667
52.8567
57.4316
30.4872
8.1867
81.1001
84.1733
33.2374
99.546
5.76334
61.2115
74.9006
94.5392
5.54391
26.3965
67.1257
38.1796
89.7536
88.5105
76.8188
52.7463
61.3361
72.1311
15.1221
55.2913
5.22178
93.8695
89.4528
70.7528
28.3869
26.4718
18.9807
79.3566
20.4846
18.1029
93.1304
33.4367
28.6316
96.2416
26.279
65.6733
98.045
8.16992
50.9209
38.6057
94.9965
12.1145
8.81643
29.3833
25.8541
64.7514
41.1678
34.3955
76.2806
2.29676
57.5378
87.8166
81.3959
89.4438
44.686
13.3711
56.3489
52.9987
87.3967
45.1552
51.2412
80.5771
16.6655
84.3842
23.058
35.4086
96.1242
82.2639
80.4906
60.392
66.0716
29.7755
80.0293
94.2725
4.29054
60.7131
68.1934
86.2926
80.5952
63.6709
36.0974
17.5811
21.6007
59.065
42.1175
7.00406
19.7564
37.8655
24.1983
1.1389
31.0339
18.6501
28.3966
96.1396
22.5747
37.9973
49.7518
45.0468
57.7734
13.5636
69.1279
71.7972
19.9523
60.6034
65.5021
60.0028
20.8084
10.6481
74.5459
49.7265
16.0441
11.292
98.3999
50.5733
8.31961
98.6244
11.9474
86.4166
21.8034
83.6042
45.1224
70.2463
80.204
49.1546
37.9886
22.6664
64.5731
55.9461
64.5832
14.6357
87.5021
32.17
28.8944
55.2541
97.1449
23.4256
56.3079
67.6032
82.6338
65.7036
29.5071
94.5871
37.8093
70.0538
61.4728
77.3143
90.6397
62.0026
61.6088
30.3646
89.3606
29.5098
75.7201
34.2155
9.2452
60.8308
69.4383
34.5561
76.112
70.0386
15.9314
47.6837
77.9984
21.3681
43.4714
97.0655
84.5183
93.4836
32.0091
51.6883
21.9079
63.6102
4.86583
24.1262
89.4679
46.2466
94.021
57.5409
45.1382
21.2539
79.3634
51.9599
66.2855
37.5229
80.0765
1.41545
21.5488
43.0487
64.4676
63.2732
2.48729
47.1849
41.1399
53.8287
51.2488
50.3731
92.3701
63.3201
73.4347
26.7391
85.4077
62.1409
82.9277
54.5841
59.8307
16.9918
42.4108
30.3645
2.62713
83.023
60.6493
74.9794
92.7164
7.74518
72.3614
42.5594
51.1245
22.227
81.4594
41.2558
43.5334
76.624
90.7044
80.0818
31.2205
69.3919
86.5322
30.1075
58.8617
43.1484
70.3812
59.7067
17.0551
75.7471
14.4132
78.4722
11.1757
61.0498
57.2088
9.6767
44.6322
24.8813
94.0298
21.1132
55.0944
23.1447
89.3042
47.9302
77.598
14.7605
76.043
58.5957
70.5817
21.756
95.1472
80.9145
51.4838
36.5764
42.6317
80.4573
43.9656
17.9094
70.0909
96.0062
48.4926
82.2483
58.6768
58.9623
55.8479
46.336
94.4732
24.7219
83.6235
39.4761
4.40909
91.8464
2.18505
55.1268
16.3749
50.156
72.3071
42.9794
4.68885
93.4906
24.7245
30.3876
46.7222
34.6272
9.02051
68.9588
30.1364
3.29228
29.0447
91.1157
53.4718
39.3849
23.1219
55.8532
4.66578
24.8809
58.9918
15.788
45.326
60.6281
45.9148
49.6284
55.4757
78.3676
82.7785
66.74
73.6786
49.0213
29.6554
47.5198
28.5405
57.5668
23.2663
53.9164
69.197
60.0168
41.952
82.2984
14.9349
59.0536
55.5739
80.8921
4.215
20.8362
36.1316
67.5935
32.9902
20.0502
67.1041
83.5196
50.5702
13.2567
54.741
35.154
85.5183
62.792
32.9213
61.8639
34.6347
67.0828
16.2151
89.367
54.1254
69.79
46.8898
77.3367
71.5585
91.2453
15.5197
41.3029
48.1805
57.6131
13.0759
84.3576
37.0416
29.4194
8.53316
78.215
2.06045
6.2378
43.4261
99.3659
46.9843
7.82267
48.1722
23.9348
11.049
4.90644
74.0691
76.7233
70.8705
98.6823
13.5523
55.0936
6.53571
29.7858
14.0495
46.5046
86.3209
73.5777
7.01296
62.0289
17.1799
10.4617
87.6581
69.2593
45.6269
76.0446
44.0758
54.1399
19.0562
17.4989
58.8117
32.6336
86.8496
21.4153
26.1155
19.2724
43.2315
52.1175
50.5468
38.8683
58.9824
5.74085
43.0159
12.3071
58.5811
61.314
7.53574
47.3803
51.4622
77.8223
36.1048
5.71658
21.0035
88.8376
62.5845
39.864
52.6443
77.9998
56.9272
14.779
87.5898
27.4802
4.0059
55.544
28.1486
36.9338
61.8014
40.598
13.3976
41.3339
93.3934
19.8502
18.5385
4.56784
52.7336
82.6172
19.6624
74.1725
92.9182
5.06244
2.54262
5.32987
65.046
24.8461
10.8093
42.4431
61.6827
69.4165
36.0847
10.0988
30.1018
84.1246
51.3323
11.1007
2.22685
73.3527
91.4719
93.1602
9.56106
50.6416
86.8087
80.6763
62.1843
65.3027
18.0029
28.3702
21.5103
44.1219
27.3006
54.8027
56.1048
33.677
23.6526
53.6414
66.8472
24.9789
76.6567
93.5133
42.2638
76.9527
6.3184
47.1914
71.4135
33.3413
56.6968
84.3473
43.3978
29.5228
27.0848
10.1951
40.2153
38.6793
54.9888
86.4318
38.7887
67.0757
10.8397
14.6906
61.9764
82.8982
56.2649
33.6847
89.2311
71.0388
35.1581
85.0259
35.9258
8.1504
62.0918
73.606
99.5807
92.1887
98.0522
54.5042
89.9299
28.2534
65.8423
39.8976
97.6238
26.9405
74.4375
81.7705
86.3386
70.9589
87.8953
31.8198
8.64936
6.65814
85.0805
44.3445
11.5403
87.9672
37.3313
20.0836
57.5015
87.3863
79.4324
22.7536
61.419
2.50295
20.1954
99.0815
20.2923
26.1875
52.5132
80.7209
91.7159
37.3771
59.2008
37.2817
97.1758
81.1124
63.9293
45.0618
74.8299
25.2459
56.2664
2.46336
43.7818
21.3088
50.8617
76.6672
86.2593
92.8457
77.8109
75.4508
14.8591
80.5405
87.1125
13.9017
84.2074
92.5061
98.0126
27.1195
68.8542
63.2052
24.2681
16.6331
61.1703
60.6082
35.4664
15.5542
43.4722
53.4656
9.55448
74.0054
62.5035
42.6915
3.14992
70.2666
22.0451
74.8079
21.4943
99.7569
37.6267
60.3141
39.689
42.3222
85.0893
21.0939
24.4612
79.8105
35.5906
57.2738
47.1919
36.9862
16.1072
51.7354
63.6088
39.5618
8.68622
67.5827
49.9836
21.1179
34.0735
32.487
70.1107
6.18183
84.686
34.886
84.6913
68.3732
63.5163
27.3082
79.8186
99.014
74.993
88.0784
61.1473
63.353
72.026
58.0539
91.4405
99.8502
79.3567
37.5483
95.5398
95.5029
90.4176
21.9519
79.6608
52.6205
18.0173
96.2827
53.1135
52.9606
92.3535
36.08
66.0924
90.6351
69.862
95.8192
73.137
5.67945
28.1692
27.3679
91.691
91.6985
54.5452
54.0285
77.1949
88.6905
44.5446
79.0959
13.8845
85.1698
24.0353
22.7854
96.0969
85.021
26.7245
11.3044
91.5901
45.1657
89.3157
36.5364
33.899
43.5768
55.4035
98.8693
69.1225
32.1875
84.0099
6.06799
22.9843
3.94102
3.37147
43.0781
9.32277
85.6678
32.6902
38.839
60.4032
52.4107
10.397
97.6022
93.3018
17.3741
42.7304
77.1261
40.8443
27.4997
69.8845
95.0745
78.6974
21.3286
94.9759
43.3212
88.2796
85.5987
78.0156
32.2759
76.611
86.7181
67.972
75.3931
86.3801
25.1263
40.8333
14.305
24.8637
88.5102
92.4763
17.0227
27.7956
98.4465
11.7032
29.078
78.3326
85.827
62.882
91.5111
93.1964
46.9088
83.9072
71.3021
58.124
11.4249
16.6145
63.231
25.9477
79.6598
93.4176
18.4163
79.2696
94.7333
47.6543
89.7594
55.0225
47.1523
8.79327
67.8254
31.148
83.4799
95.5402
65.0333
76.8666
50.8318
14.8066
42.9419
28.1839
58.843
11.184
2.09222
48.6393
88.9565
2.04211
98.643
56.0235
52.6606
49.5243
32.3558
55.6133
5.97539
37.636
28.4052
53.4871
53.1683
93.8034
24.477
19.6695
21.5594
67.2401
13.5015
83.4994
43.8067
55.5449
46.2875
74.1363
72.8075
99.6898
90.3272
80.0851
89.1743
9.1793
3.06145
74.3798
99.2577
85.8724
85.7126
26.0259
30.0895
6.3843
57.5852
78.4228
51.5209
57.4341
97.7557
62.1253
54.9885
49.6565
63.9082
93.1149
88.1028
61.4322
99.7416
24.7538
38.084
76.0885
73.8731
46.1596
44.309
95.187
73.342
49.2011
48.6122
43.3564
81.5647
6.99212
59.263
97.3275
30.2076
45.9685
97.8285
41.1874
44.6239
19.347
2.80031
3.55074
40.0902
73.4513
73.0218
73.0284
67.038
83.8965
60.8049
19.0422
3.76924
35.0574
51.8406
77.7364
61.4179
88.1144
65.3648
64.9242
91.7504
15.2053
1.81343
91.9001
46.9104
2.72776
54.2465
66.2839
89.6293
44.9854
22.7136
72.7105
22.5631
27.871
99.2411
59.0287
68.2147
61.4257
2.87662
26.4575
75.8186
71.967
32.9802
9.13237
50.5189
24.5334
79.1255
15.3161
1.99715
23.8384
61.2652
2.97705
75.8855
85.1022
40.0998
77.7167
27.3654
88.3631
91.1562
79.1601
38.6958
86.3756
95.4305
92.1709
94.6166
97.3347
56.8615
82.5684
43.951
70.0553
8.40334
29.641
45.5268
52.1752
14.6519
34.8061
60.0692
25.5199
44.5557
20.125
83.0263
88.9972
9.11541
2.55435
49.0508
18.9257
78.4599
80.9971
77.5046
66.0628
99.2496
73.42
11.2963
79.7571
97.9822
16.149
85.8729
36.405
76.687
87.1446
73.1069
81.9907
90.6967
65.3195
98.5678
29.423
98.4281
80.1635
67.8473
6.80808
64.5049
17.2795
12.6436
66.1774
39.6826
25.6376
45.9029
89.6337
28.0274
5.36491
25.941
57.921
50.504
52.7529
37.5078
25.7617
49.2802
53.993
55.2019
11.9604
37.196
9.96518
59.6336
77.5272
42.3861
3.67861
18.7576
10.7956
20.315
64.9897
14.4845
79.7591
85.3673
25.9575
40.0741
85.7551
74.7098
32.2151
64.1152
6.80581
59.1797
20.9978
67.2079
48.2917
69.9212
41.1059
40.799
6.61102
50.4156
21.3423
97.4421
31.5028
3.31628
75.0574
69.1068
82.1772
10.0299
43.2388
88.353
35.8574
94.4445
72.6175
23.6472
53.2873
67.0972
19.9113
93.8726
45.0712
81.4705
70.2755
10.5255
42.3566
72.019
92.2254
72.1751
91.0903
19.3096
19.5505
36.1724
68.7487
24.2747
14.4455
25.1537
4.08228
28.477
45.7534
79.8079
23.3715
65.4643
54.8765
4.55216
5.95921
89.2822
41.0136
97.0943
58.0902
14.3566
55.6084
87.0873
94.0134
38.9416
25.9455
97.5579
20.4859
77.2134
94.8022
66.3747
20.3447
74.9007
84.2174
12.4572
91.7266
17.804
21.9566
34.4194
15.4334
53.6151
26.4504
72.0257
9.28771
36.7481
61.35
21.0778
17.8588
64.8805
89.6297
14.9278
45.5242
86.6257
6.93078
51.5546
87.5829
3.52391
72.3451
9.33015
3.94459
66.0699
71.4763
23.5041
36.0464
71.2415
18.3762
75.2688
47.327
33.3111
29.1583
88.6382
45.1148
9.07161
44.2664
16.8817
19.0478
70.2473
35.5358
20.8006
56.1132
72.2733
65.7463
3.65004
30.1477
54.8789
2.35834
83.7191
37.5391
36.4635
64.9357
8.63981
19.7846
18.188
69.5633
59.7359
14.7579
21.041
58.1702
81.6224
97.0367
48.9477
34.26
71.0674
44.359
91.8031
3.43104
76.9535
60.7895
28.8784
44.2821
42.1701
58.5881
8.85574
38.4159
24.0949
53.5299
64.9845
52.5593
95.0976
71.5985
90.2415
47.1312
51.1358
61.3426
55.7693
50.9615
67.8369
15.2483
36.0757
40.8343
93.2877
73.2986
39.5088
95.5
71.0972
42.7435
53.3988
73.4162
8.10369
30.2608
20.2032
51.0367
85.3884
73.2748
31.1323
53.9085
90.683
43.5011
16.9913
10.0422
83.3244
52.8027
16.6142
98.637
73.4635
22.9674
34.7108
37.662
82.4123
86.045
87.2534
77.4419
95.7323
33.4868
10.2282
84.1849
62.304
8.08992
12.0904
27.1933
29.946
84.9471
43.7007
57.9911
30.9204
43.3878
75.3392
7.87108
76.183
49.9292
59.437
95.6021
47.9984
40.3331
32.4919
60.4585
20.7226
69.8315
35.0141
82.0731
76.9817
41.4216
88.3598
39.4302
66.1159
57.3496
90.5406
60.7781
73.0926
6.55915
41.5717
59.302
11.0791
46.2258
54.4584
23.5295
99.195
68.4946
39.9149
83.8963
29.8084
45.7475
73.6964
62.3141
8.23704
11.4316
62.2144
51.6252
69.5759
12.3947
28.8966
4.10512
23.2391
47.7453
36.368
87.7392
1.14718
15.6334
4.48761
44.698
46.3895
73.8147
15.9703
81.819
25.566
21.4141
33.3705
50.6152
76.4141
24.219
72.0106
98.837
18.3157
7.34288
60.9584
84.9735
15.2701
10.5155
58.2915
73.4526
33.1323
74.7003
99.9761
75.6096
39.464
76.9806
49.5531
28.7389
61.4747
48.7721
57.2316
8.55131
7.86541
82.5582
35.3928
97.6388
72.8101
13.0822
33.5927
43.3059
17.8302
98.3758
16.7405
9.11374
19.8954
34.9553
60.7467
59.105
49.7663
43.9771
32.3897
14.1291
87.3694
81.2684
14.9385
84.9553
68.8131
30.3844
43.5238
90.3698
52.0447
77.4028
60.8598
87.9239
75.0643
42.9529
32.0541
35.9566
24.0545
32.6572
83.4951
9.37894
46.8484
24.3057
82.2808
74.4058
44.3054
74.7729
41.4701
11.6755
92.1861
17.4702
33.9406
61.4433
29.4517
76.6296
67.2655
17.1813
89.6461
35.2029
29.128
53.4287
21.7062
34.4327
93.4903
67.8541
40.9157
84.177
16.3562
5.16928
57.6118
10.2351
9.38265
26.251
57.532
4.51627
35.7668
22.3396
76.5501
46.905
97.3663
62.8811
96.6821
54.0718
75.0881
6.34468
24.7996
51.7079
11.4586
79.0881
20.8681
33.4958
29.965
51.2122
48.7596
15.6345
60.3153
52.613
25.4782
16.42
87.303
90.3875
52.6434
18.5923
41.2756
69.723
4.32202
16.0218
66.1882
7.65395
35.9069
73.6745
10.0165
88.043
19.5946
99.357
72.2663
31.0563
42.5408
64.2286
31.1314
80.9092
59.8846
64.4333
88.8487
69.7746
97.53
25.624
8.89447
61.8359
35.1119
37.5005
30.451
86.8871
78.7542
88.5209
51.8817
96.6585
87.7196
3.83882
95.7282
76.1768
57.8926
50.6589
8.91754
90.7595
34.3927
14.9671
46.7806
87.5411
80.7708
23.8246
19.1499
36.1391
29.9756
60.7988
39.39
18.2668
94.3177
7.25468
41.2261
65.2227
60.9013
46.6498
66.0204
28.7517
10.4855
73.3441
42.0055
57.9577
75.2015
42.7975
90.0014
21.7798
90.2259
4.39826
89.8313
63.3894
68.4644
15.9192
9.12802
91.2329
17.7369
67.2773
46.7095
22.484
56.2583
42.2207
68.134
14.8619
74.6958
29.9251
73.7701
51.773
78.1648
93.3512
44.6517
30.7244
49.5341
88.2087
34.1121
98.9315
23.03
89.0246
9.65967
43.9751
55.6176
17.6259
1.75934
47.3509
97.1461
23.86
46.5623
13.4064
15.9681
41.8123
78.6273
43.3557
77.8572
75.737
94.9452
50.3307
26.9478
44.3912
62.4139
22.6485
55.6684
12.3071
23.1779
60.1789
53.3265
20.309
16.6125
50.7987
48.506
23.0808
3.31791
80.0972
38.931
71.8884
88.2485
16.7847
97.4819
53.7067
10.7604
75.5916
54.7982
73.7689
54.9865
77.4771
46.8382
26.9798
52.4024
78.5058
24.623
36.8105
20.3984
57.3702
12.6644
96.2265
7.81333
92.45
85.8952
33.6163
45.9562
92.1487
53.6934
77.1002
47.5602
89.0311
23.6778
71.2569
15.2322
32.1738
78.2239
36.3339
48.8385
15.1527
42.2274
91.2664
71.7993
51.839
54.6853
76.9096
85.7475
32.3887
77.5827
17.1984
16.1772
20.6438
39.0042
19.3103
88.6974
4.47356
80.6323
26.6423
13.1122
64.0235
36.6886
76.6556
8.04577
87.2822
75.0113
24.7464
1.69654
80.6003
39.1198
25.6355
62.1133
35.079
53.325
58.5663
15.0111
91.2509
19.7945
56.9402
81.8295
46.0597
91.949
25.6136
79.3831
60.6896
25.7022
87.964
20.8691
97.1337
75.6205
60.4008
78.9117
53.8945
30.5068
74.0469
27.7328
33.0922
42.5214
2.35732
82.2163
93.8945
29.2631
51.7139
42.7011
36.1262
28.3275
52.5794
17.2272
1.80812
3.15896
60.4658
64.2513
86.895
98.0722
12.8111
7.06568
33.7578
8.80296
29.2894
81.9779
99.5408
54.2622
91.882
44.286
19.1449
65.8156
72.3754
71.891
57.4617
60.5898
92.5551
2.74453
77.5104
76.0453
88.2621
30.5358
62.5146
26.2279
8.20643
51.3483
93.1886
73.5884
81.1596
35.2885
89.4177
75.0585
74.8925
90.1385
1.15421
14.4558
91.7871
52.5812
81.7329
15.3581
33.9143
61.5069
28.7415
85.7714
96.1214
50.0392
25.6383
74.4687
89.5488
11.2861
37.0004
41.4811
54.3895
68.1303
94.7732
75.0175
70.5566
28.3425
1.3937
16.2985
3.88959
50.5684
74.5853
65.312
1.66179
83.3361
73.7649
18.8186
52.8446
71.5657
61.6821
60.7356
83.0692
68.3337
57.4442
8.57113
84.9053
36.416
4.21366
92.6882
37.8993
76.6413
84.9079
37.8332
83.7445
33.9755
97.7898
78.543
63.0089
42.046
8.26566
86.7068
81.7878
52.3299
37.0827
46.2078
75.4351
58.2432
83.8707
22.2264
17.6112
56.3486
58.1796
2.02817
9.66924
8.12398
13.2499
8.16235
16.4782
4.5439
11.5025
82.0326
93.8689
58.8556
34.6832
58.9163
55.2833
45.168
17.195
67.4429
51.6979
8.66067
15.3596
27.5329
90.8197
94.3225
12.0027
68.6798
69.9935
50.3463
23.7669
13.5005
88.051
75.4493
12.622
86.2812
34.8926
61.569
25.9646
5.72928
54.5645
13.5643
97.0403
3.06442
14.9474
74.7951
9.9705
76.2275
81.9907
79.7556
44
92.7957
97.6576
89.4638
20.0069
20.0114
34.5329
55.0513
43.8111
87.356
31.0118
54.9654
80.6662
27.4083
50.6174
68.1503
80.1744
42.4584
79.1823
12.4949
35.3215
12.7649
82.2281
22.3075
95.5991
40.703
82.3516
86.9308
54.7963
56.5706
47.6555
30.5177
62.2995
74.7462
73.8613
10.2148
87.7546
55.5116
54.701
1.73634
30.4339
26.1944
25.4644
28.6637
27.1507
32.5272
92.7236
3.60707
81.1572
56.5775
26.2492
16.386
75.9766
73.8899
99.7169
69.7848
5.93616
16.3029
35.2361
63.6181
51.5878
12.8379
83.3243
64.7595
56.011
48.0151
74.0055
11.068
28.714
3.70566
16.8799
19.9786
47.3628
63.2478
60.9085
3.63391
35.5704
61.1758
38.0983
14.9151
81.6331
30.9489
84.1733
89.6094
48.4883
76.395
90.0372
86.5344
36.2935
16.6624
62.9145
37.9326
59.9189
8.47779
30.119
72.3604
9.52453
35.2999
59.7059
48.9396
44.6004
87.7416
15.6577
69.7815
87.8731
59.0179
83.8828
30.2998
89.689
64.4265
20.8523
79.1343
8.83806
72.1363
84.1331
51.3945
68.4801
22.3541
66.3632
44.4851
91.3047
57.6884
96.0824
27.9474
93.1955
58.7535
48.3026
35.8612
15.2207
82.3587
86.4407
53.1587
68.8789
37.4427
22.4634
35.9087
91.5632
73.7911
29.5257
70.799
86.3889
81.5916
41.1895
33.1269
69.478
48.0917
31.6774
54.2409
76.6324
26.2932
31.5601
16.695
78.9191
95.977
98.2335
7.83376
63.3614
18.3145
97.5655
79.4588
72.921
60.0563
64.7625
18.8387
62.1381
77.5217
76.3356
57.6391
77.4389
51.4172
21.958
98.3797
75.3419
23.7879
45.4915
70.2276
5.42251
30.8346
14.116
67.2825
74.486
80.5532
3.62815
81.5294
89.8461
64.949
67.1896
82.0705
59.0335
35.9586
81.8494
54.8915
73.6109
25.5389
29.1758
94.3993
6.03794
50.3715
7.83735
45.4489
57.3432
93.2765
96.8167
80.2995
8.77036
61.0568
1.82703
48.8488
32.7414
15.9521
97.534
64.6814
83.8198
9.55242
74.4064
33.4948
23.3525
23.1469
98.4663
31.7518
5.7608
4.41962
70.6069
23.5963
10.4934
59.6341
55.8466
96.857
1.00448
61.0048
82.454
73.4107
53.716
57.019
6.24296
13.8675
26.7286
97.9078
59.6401
89.8081
1.11259
98.1008
73.0853
78.3911
45.3649
79.66
22.9892
12.0926
40.7251
53.8125
31.9865
38.466
80.0746
5.09932
85.2968
77.5591
34.5723
97.7993
61.564
95.8442
20.5686
26.4077
88.1463
68.4581
40.9493
25.1674
95.0193
31.7008
39.0533
87.7229
38.8605
33.3842
21.3945
34.8575
15.6594
22.0604
11.5262
70.1278
98.7163
26.2723
85.615
69.9421
60.5917
82.5569
36.5252
72.8643
10.3922
57.9682
70.7005
81.012
97.6579
20.9091
45.8989
10.3049
97.8324
64.5746
56.1362
75.1709
67.1122
39.3926
85.1731
99.827
25.8007
54.3765
88.829
1.8674
68.2256
76.9616
98.1684
54.7849
41.8147
30.916
19.7648
25.3019
26.0158
70.0929
44.1697
63.5237
3.14301
84.2931
28.696
18.6961
58.1366
72.6995
19.8791
72.9102
11.7837
79.2402
8.14772
50.9566
81.7039
83.1941
2.53121
25.7015
75.7402
47.9128
95.6611
11.5223
8.44807
35.7759
43.7953
19.2349
93.9231
90.0202
88.6118
60.7647
43.427
97.4466
85.8311
6.42972
53.0644
81.8291
67.5329
45.6069
41.2209
5.91408
29.652
44.9593
7.41378
75.323
87.265
9.74442
84.9212
23.9943
32.7631
71.4858
69.9331
69.7732
12.1179
52.3359
14.8427
5.5967
83.7068
23.498
63.8266
28.5329
39.8625
6.00777
22.7123
94.9851
95.0517
52.7811
42.1033
52.969
71.8774
76.9118
56.4623
7.22409
11.8168
83.6784
22.8786
34.2002
42.4069
46.9389
30.2681
83.7219
84.6258
29.5228
85.2125
21.5905
77.6693
2.83625
7.85492
17.3894
29.1284
77.284
72.4257
35.2008
57.0196
64.5695
75.9923
83.9542
53.6209
18.6973
20.0556
72.1375
38.4307
11.0654
41.3688
28.0735
57.0369
33.0723
96.4625
45.8369
59.0112
18.5869
91.9792
88.004
29.8248
73.4025
64.781
71.5518
86.2264
94.5115
26.2995
86.1778
6.26069
69.7885
56.368
90.1879
64.4883
72.2328
6.66784
45.4607
95.2669
51.6725
4.91266
27.3827
3.81381
45.2367
29.5202
14.5901
44.6843
28.5103
2.02342
27.8008
47.4887
59.9993
74.9139
5.06279
85.9534
22.8836
31.9093
70.5307
71.8892
19.4991
50.9423
26.1417
34.4515
24.4759
35.3015
84.5624
83.8334
43.4825
53.938
69.5293
59.1092
86.2936
70.6582
72.9063
17.5377
2.70468
54.1886
28.2786
95.6377
66.0678
54.7951
22.1607
11.7049
59.1466
21.8923
76.2861
8.7393
72.99
73.3232
54.3956
43.9115
52.3205
16.8687
8.36921
60.7197
41.6987
28.0186
43.9078
80.4866
88.0964
14.0054
20.6835
91.8822
84.796
58.3202
73.0192
56.8857
12.9605
73.9013
9.48653
93.0673
84.7342
72.085
16.9326
45.8093
64.868
53.3654
90.5009
33.9631
92.3175
82.9201
82.5522
2.48108
53.8755
34.4811
6.77837
95.1224
79.6197
89.7791
19.4393
20.2688
85.465
88.3344
41.3246
17.0645
12.8728
48.9512
87.3086
69.9246
15.7639
84.4146
29.1944
6.67053
1.22115
63.4061
37.4035
60.4101
35.8726
48.3998
51.1439
94.8846
94.1358
65.767
84.8094
50.6224
72.053
93.6264
85.4303
80.8507
6.12827
25.0618
62.2824
7.20639
65.5955
43.0724
33.1424
91.8955
31.2369
99.4717
57.2351
7.9625
51.5151
86.4998
53.0645
68.4105
32.2821
52.4262
84.6804
25.9845
49.2057
98.0878
40.8526
34.2386
78.1646
40.6799
20.5891
76.1742
46.4818
85.0555
72.1413
95.8801
44.0019
58.7133
48.5693
6.25441
70.2699
17.8638
11.5845
35.0355
28.099
5.70141
17.5049
23.4471
23.3708
24.9601
9.46243
74.5453
47.8927
18.0047
75.8122
56.6234
72.5047
70.3607
25.9726
71.562
5.38479
9.53665
73.9763
62.6145
4.68501
4.90548
8.45239
29.2263
94.2613
41.088
27.7136
19.9005
73.5707
18.8902
62.7628
11.8404
37.6619
18.3694
10.4033
40.2659
19.2914
18.8893
7.91385
34.2069
95.9194
95.3188
53.4804
14.0035
24.0236
2.09875
67.5939
51.203
32.8441
88.6299
43.0552
54.9528
54.0887
21.318
87.0925
80.831
33.6782
74.8166
53.9125
5.03973
82.1452
72.0663
90.1433
67.9507
69.1924
63.5933
11.8456
42.147
72.2585
20.2176
73.1562
41.9396
61.9116
46.7922
25.452
67.4701
76.4129
9.67841
36.4424
56.428
74.9972
99.9023
75.7267
53.2042
11.9068
8.7942
95.4252
99.9183
53.8256
56.2881
28.735
65.061
71.4217
52.4149
1.3202
47.2047
98.0534
27.5006
74.3478
18.2228
79.763
94.7692
8.29908
50.4063
25.1938
49.5746
92.7207
93.7448
58.6958
29.6311
42.3667
39.0174
65.9743
40.7973
18.3622
32.7075
3.71228
85.2045
18.6331
75.2357
32.0683
13.4038
91.2567
81.2807
41.7604
70.7124
24.6647
98.1474
13.1256
36.1993
55.5364
68.6743
53.3159
17.5354
39.543
38.2901
8.38464
87.5935
40.6168
50.6422
99.1191
29.3607
98.6097
77.5118
59.9799
47.6189
37.1789
93.9789
6.66782
2.91926
19.9371
58.2569
80.8493
29.0407
20.6811
61.9246
5.62329
83.6404
76.8276
65.5864
85.4551
22.6086
93.8965
78.7336
76.6009
68.1974
5.51754
72.3739
58.6106
19.6375
53.1135
1.45696
96.5458
4.31291
39.7057
30.9075
91.5742
75.2023
85.6058
98.8907
67.2899
77.8455
66.5924
23.0967
90.7571
70.1657
92.0591
53.5878
12.8313
49.8857
61.2526
58.7293
34.8222
2.61018
69.9104
39.8992
29.2095
75.4878
87.5146
99.0715
23.5673
30.6441
26.0855
67.3714
15.1315
94.8576
37.4553
14.9291
32.6424
63.8746
8.03743
37.3485
21.7536
97.4618
19.2977
55.341
25.2374
44.1451
81.4419
25.7923
18.7563
72.7563
59.2554
28.0328
41.4133
47.0446
50.119
26.4704
2.05221
51.9657
14.7181
11.3423
90.1449
80.1472
8.10911
95.1408
61.1672
10.5484
62.7668
75.9792
21.6357
84.6252
27.4474
54.8869
82.8824
67.6709
86.058
67.8275
69.2285
62.89
25.9693
4.21544
15.8599
66.9907
2.04788
94.1074
62.3605
27.1353
41.5366
14.1325
51.5508
75.239
35.5764
70.7776
83.7837
14.0586
7.40763
37.992
15.5245
21.8459
75.6221
31.7066
35.326
21.2661
68.8744
62.9511
22.9284
36.9944
10.3068
79.1815
92.9937
48.6896
46.4164
70.8034
37.3135
4.24516
83.1585
4.74306
47.9836
99.069
44.977
82.6187
18.5271
52.5665
67.2377
45.9546
80.0388
90.5047
80.5054
45.3495
11.6539
9.2825
21.0648
6.33786
87.7316
24.0921
47.5911
34.2312
14.2183
23.2119
77.8878
53.1255
74.6942
33.9683
40.567
52.5274
86.3804
51.5457
81.212
37.4344
60.2789
46.2151
23.9555
20.4049
97.9314
43.8487
20.1831
55.1093
80.3703
33.0107
78.6582
28.7745
87.3543
1.9745
77.0002
47.3445
13.2167
95.242
71.0212
29.3814
77.5855
80.0944
82.6904
85.5573
85.1594
38.0654
96.9688
80.1028
59.5479
15.4846
4.6837
71.7685
40.9425
47.2954
60.6291
38.6101
30.3532
91.6003
9.37701
35.017
81.1989
94.1741
89.6389
67.3644
13.9865
50.1851
10.4389
73.9217
68.8191
52.5964
98.2538
27.155
94.805
44.6184
65.458
41.6481
9.57857
99.2538
38.178
51.9429
89.0405
88.5826
91.3423
71.5909
81.2239
75.6493
38.8935
86.2322
36.1496
79.4558
9.75229
66.2223
68.5577
80.6836
10.7389
67.8795
48.2251
85.9926
3.41272
18.3039
31.1765
10.6266
11.9917
71.8953
33.7617
57.8909
77.083
30.4431
24.0461
2.4721
14.4768
58.9424
78.4274
21.711
97.7545
11.1162
12.2756
79.7395
26.8528
46.3906
18.4284
4.68512
94.7699
37.5184
19.9694
95.7161
98.6538
80.3327
70.457
32.7662
44.5642
48.9321
85.5381
41.4854
55.427
18.9484
47.1278
4.24389
60.0179
97.1262
21.5655
5.76003
83.2152
55.8348
10.2167
74.8484
45.1015
74.981
84.9755
63.4493
43.6239
21.7922
68.8455
81.0023
70.3951
29.9844
16.0282
58.1011
52.9084
82.3789
33.5806
62.206
78.9144
42.3051
12.1486
7.18873
81.3047
88.4266
18.3514
41.6336
86.2361
5.31425
48.9428
43.1721
12.1507
35.9972
27.1204
43.9531
12.9883
21.8707
55.3288
17.3714
62.9384
60.4308
94.3414
99.0292
1.23465
87.067
58.1612
81.566
33.4185
7.01725
67.6933
86.8462
97.4527
51.1016
71.917
75.8086
13.2091
56.6712
29.2008
29.239
11.6193
76.3369
6.05279
65.8981
41.8354
55.4619
59.011
67.616
21.2362
22.4608
44.6584
47.5609
98.8981
97.846
37.435
38.6664
82.5161
53.6042
35.6521
29.2509
47.7871
71.2797
46.3265
77.6501
95.6465
50.4385
8.48305
59.6669
41.4
36.2482
70.8288
69.6175
38.3812
54.8015
47.5163
50.1507
95.0371
55.5385
49.11
85.903
15.9671
50.012
99.8366
97.723
33.5134
34.28
62.7986
59.7884
84.0961
45.0208
54.6165
7.16563
78.5464
97.1016
36.3528
44.8301
42.0061
57.6764
8.73903
45.2111
59.3357
35.9477
61.4979
40.7782
25.2103
68.2147
30.0144
45.8397
23.251
40.6316
10.6051
12.381
24.2811
10.0064
59.9748
48.8445
3.04553
95.7297
49.7712
30.2649
21.0021
15.9491
23.6131
47.5012
66.2799
96.7428
41.0587
64.073
96.0309
90.3344
70.9239
88.2773
16.0573
54.6362
68.9473
5.3528
60.0652
6.64148
83.1292
36.9217
82.0424
81.393
49.0154
8.62952
14.9425
17.1684
65.583
30.8396
58.2715
41.1063
8.90179
37.6211
51.6542
36.4896
75.2651
30.6475
65.7339
24.8756
94.9855
7.03966
15.6524
88.47
68.4016
23.7435
86.5218
21.7567
78.3164
94.622
85.0443
7.15162
34.833
71.7493
79.9946
19.5284
33.1453
11.0979
69.1228
34.6435
57.6628
1.74836
59.4264
58.147
21.2719
94.2017
54.743
20.8543
61.0843
71.5921
34.162
61.7114
16.4637
45.9532
71.986
7.86378
78.1377
93.8013
80.0298
75.0352
32.2776
29.2862
99.2156
50.5857
78.5594
68.7475
49.0764
88.7977
67.1653
68.6085
19.6804
93.2782
14.5008
29.0235
22.2102
86.3736
81.7069
23.9506
75.0419
33.2365
23.366
31.8934
47.7041
98.7628
54.7678
11.9481
45.8454
7.17339
90.3141
9.8355
66.2951
35.7155
65.2351
49.8426
17.3405
80.2541
44.6684
73.2723
71.8602
59.8629
72.3075
18.3412
27.0366
86.0497
19.9749
40.0576
52.5103
80.0127
62.5264
92.2431
41.0869
2.54158
76.1292
60.9407
85.0282
43.7285
18.3633
93.9361
17.2667
40.3072
96.0102
2.19158
32.8128
99.1724
47.9081
38.1181
95.4822
8.91451
45.9458
10.7742
83.1306
40.6049
25.6386
64.8842
94.4574
11.7341
39.0114
2.95821
78.2929
52.3538
26.1041
47.0238
61.4066
18.6188
99.6125
9.14939
62.9254
41.3227
18.8406
3.99011
38.4621
16.193
99.929
35.8008
89.6259
5.62816
85.4279
25.7777
76.492
14.6814
52.3412
17.9498
91.9792
95.5728
35.2789
1.27408
85.1058
99.7695
45.781
15.3588
5.52293
25.6621
84.4278
44.1374
86.6171
75.3522
39.0724
55.741
59.992
67.7515
71.8988
99.9191
77.8825
6.11754
38.3732
33.3683
58.7242
62.9005
85.4956
71.5543
56.9724
63.3814
86.5966
76.4359
7.89668
82.6471
37.743
84.6945
21.9601
38.0795
82.9848
25.3192
65.1174
1.96225
26.4038
91.8348
14.353
84.6169
26.9363
72.3501
72.4601
75.2166
36.956
40.9673
53.7681
88.5847
31.1629
95.3769
34.8693
79.386
38.9829
58.7478
84.4044
43.1193
12.2281
46.6444
15.7111
4.77603
52.4062
67.2826
14.689
81.4327
34.3047
31.1522
86.7719
21.9011
4.19825
37.757
4.91187
27.0817
29.8392
75.9807
28.964
70.4074
20.1304
2.76948
99.3777
94.7126
52.3179
66.3202
47.896
66.5658
64.8621
46.136
89.1209
83.6456
70.096
25.4546
70.1076
20.5116
90.5402
84.1094
12.4491
37.4729
11.4338
6.48841
44.8034
87.9523
55.1268
62.1339
84.7929
76.3477
56.3724
35.0921
52.2698
67.0856
60.0685
76.6018
50.2457
31.522
25.7459
37.1874
11.315
10.1759
71.5098
7.4849
16.1965
81.4838
22.3248
49.1874
88.6533
90.0894
44.7823
4.59684
87.1833
55.1376
98.4156
89.5034
22.4991
31.0119
63.4788
75.9868
75.4647
54.497
33.4472
46.6138
13.4301
14.9519
33.6663
33.0248
14.942
87.1536
41.5105
57.2858
27.1923
28.4774
82.7176
52.6617
80.7693
44.3121
35.1508
67.1639
14.7285
19.5723
54.5471
76.5595
9.33504
79.3411
91.8551
27.2916
33.7589
50.7816
70.6942
80.2206
61.2729
80.9399
17.5586
1.35805
12.7997
6.41594
62.332
94.6558
2.27594
63.5793
31.8839
72.2177
30.9666
86.9555
77.131
93.2931
4.6363
40.8568
76.1328
70.0699
41.0491
23.7694
65.8021
36.1568
76.4015
18.4555
56.1692
85.459
12.6398
87.9454
81.0917
15.2837
74.4293
39.421
85.0523
85.0775
87.7104
81.7454
3.47264
83.5011
17.5715
31.9926
97.4378
63.1679
1.31374
88.905
50.0658
51.2541
71.1818
80.3202
52.2906
98.7513
80.6115
56.4924
66.3473
15.0189
56.0735
73.7387
58.4289
8.54534
64.0965
17.3828
66.2204
3.34604
63.1727
71.9286
38.2837
1.96928
7.18088
25.0352
92.4192
30.2028
74.3537
49.4497
89.2839
88.6971
65.4936
89.7013
25.6386
64.4878
5.61302
40.2303
50.6786
16.5633
50.2687
9.90501
12.9833
6.70156
58.9236
18.5448
28.3936
14.4952
42.3822
25.3102
96.5064
34.796
3.84136
97.455
70.8241
34.731
51.7712
7.18988
21.7718
75.485
13.024
41.5908
63.6181
35.2798
26.2942
18.6996
34.2223
71.754
70.1037
48.1635
4.16099
56.226
13.191
17.3027
64.7719
93.9103
18.7521
1.27474
55.5965
23.6022
10.3771
93.9483
78.8908
91.8645
36.5987
90.6931
75.8863
92.4733
7.43885
53.8562
50.9137
37.377
21.9766
38.2438
33.9199
59.9318
14.5822
54.1113
49.3524
78.2004
45.0026
90.7861
34.4812
25.855
16.816
65.5742
12.2022
38.6689
44.1109
5.02282
73.1607
59.0748
60.0217
87.6063
39.7718
97.4132
21.3417
59.1554
72.836
54.8599
99.433
97.7216
9.92673
49.8864
35.1839
79.2576
10.6416
64.6402
82.686
58.5463
71.7394
63.7781
19.5491
46.6294
12.8815
54.5507
14.9876
31.7115
89.5462
8.37305
20.2004
40.2297
2.50057
95.0692
55.8076
9.29174
90.1005
80.5624
49.837
24.2484
19.2225
20.0197
83.8131
39.661
81.8321
52.311
84.1993
88.6041
6.71261
35.1668
90.8485
1.9933
69.5356
29.9851
3.91076
67.385
58.058
35.2822
29.0027
90.009
37.5053
6.64292
68.1818
36.601
80.7758
91.6338
45.5831
61.4529
44.7946
15.9531
54.0179
18.065
11.196
73.9359
71.038
14.7307
31.8654
21.948
79.3945
41.2129
16.942
56.3892
20.6829
38.8359
12.1674
24.9945
69.967
83.0969
24.3548
74.313
65.2033
19.8781
29.3987
45.3141
15.7736
5.19533
89.3929
44.6223
79.211
70.1367
36.1575
68.6878
9.1992
96.3568
79.4685
14.912
1.3481
24.365
66.8047
83.3623
92.0749
82.6421
11.7009
48.8001
49.6842
44.7692
85.7459
62.046
5.93274
73.6415
35.4752
99.182
75.9636
8.7316
68.3605
36.7839
63.6597
49.0182
91.5838
79.8115
94.481
66.9378
68.63
48.8102
71.8159
9.99466
81.7955
55.2561
45.4817
88.9128
47.1081
88.4414
32.4162
79.7776
52.4464
50.9836
31.4534
80.1485
72.4842
39.7916
5.47367
92.0333
78.7269
26.4083
1.37001
41.4144
42.4219
89.2656
47.972
74.8366
49.1525
98.9948
18.9843
70.0967
64.8749
16.6142
73.5897
6.83013
19.5896
92.9612
97.3658
86.1442
54.2084
52.6627
71.9502
93.87
8.6813
31.064
63.4442
46.8965
70.3306
70.3397
25.5478
3.98044
46.8937
46.6221
57.1887
76.7793
44.5591
77.0971
45.1516
78.082
20.6112
43.1446
34.3496
97.7346
7.42821
56.4494
39.0684
83.721
80.6271
78.0491
87.9735
8.48278
10.4021
73.6179
76.7599
15.2171
26.5415
53.4337
61.424
85.3815
75.7068
46.8157
3.76105
79.1162
35.4075
57.8432
18.3582
11.2309
12.2114
63.4785
8.7633
28.3115
2.14429
34.1889
99.436
62.7512
64.2798
21.4216
22.0046
62.1078
27.1747
42.0188
29.257
86.0131
45.9543
25.7168
72.6148
97.7156
30.1879
88.656
59.4915
86.5607
83.107
92.3321
49.9035
1.24618
73.5922
89.3753
94.4775
75.3369
62.7207
74.9685
42.6909
6.15027
83.9466
10.2685
98.4704
16.0013
50.8432
72.7914
46.0742
36.7773
73.3478
9.65873
43.6585
35.1257
34.8385
39.3141
56.201
23.4411
58.6331
11.9776
22.8676
77.4981
61.4714
63.1204
56.9835
60.4045
9.73409
83.0212
8.58056
20.0181
28.6973
29.468
87.995
65.7042
63.4242
13.2092
66.3892
40.5719
5.33833
41.3863
47.7859
6.71567
4.7024
49.9066
57.0507
7.46254
56.6769
30.3077
73.5016
64.3363
72.3428
79.1623
56.0801
45.2993
38.7285
20.5987
89.4701
2.13363
72.0645
72.5828
12.1903
66.8906
27.7218
52.5475
11.0031
42.2039
94.0697
37.4331
91.3268
41.2083
3.78008
9.4795
27.2416
41.2894
23.349
61.2199
80.0385
96.9242
51.6026
53.0679
30.4242
26.4379
22.2065
85.9496
66.3605
65.5014
1.81556
67.7246
7.16655
78.0547
91.3874
62.6011
68.7207
13.3989
26.182
48.5822
20.6151
10.7793
26.1525
55.0289
24.3582
73.3989
48.2194
73.7371
44.9595
71.7479
72.1832
68.1737
34.0059
27.7716
76.2083
3.46478
43.3847
50.5497
41.1932
41.5841
61.9531
37.2391
86.5614
92.0265
31.2533
5.79838
27.9038
4.45925
81.7518
39.9584
42.2397
43.6711
53.5152
7.24181
3.86519
41.7517
48.9782
61.8979
42.6412
3.02791
9.03244
38.8449
20.4119
23.2997
11.8712
51.4323
29.5351
84.5964
1.51103
77.687
52.1857
56.2196
22.7739
8.31737
78.264
27.0027
36.722
71.2678
94.3991
67.7455
69.5035
11.2586
51.2683
49.335
52.4833
8.96895
85.5712
25.7105
15.244
21.5173
32.5202
99.2681
79.5318
33.1265
21.0058
59.9984
15.1967
74.2948
6.34624
97.394
24.0802
80.8018
86.1197
52.7217
46.6042
81.2778
2.17436
2.27715
97.9367
33.5216
24.7975
60.2629
74.7217
42.5614
6.63368
4.32394
28.6274
94.0861
35.1384
22.2285
91.0422
2.58088
23.0266
56.1707
71.8185
50.6149
63.2058
27.2199
54.995
87.7403
81.1612
29.6628
11.6237
78.3873
27.5675
71.7603
26.6164
39.6634
85.5222
2.28263
14.9268
56.2695
4.59641
81.0296
4.98575
74.7521
40.5097
43.2086
9.44715
8.00094
30.04
70.7795
96.4234
82.3715
51.0535
60.3136
12.2227
88.8317
91.2909
92.124
92.6855
17.1825
37.0284
58.0676
62.4087
56.267
55.2341
43.709
35.2449
49.6921
33.4159
97.3751
37.2397
71.3997
93.4592
95.6834
62.5939
70.3132
8.84167
91.4324
75.6825
96.8299
46.1296
32.1124
55.8767
27.7707
87.3996
97.2123
19.6802
89.2027
41.0551
32.1666
95.4368
8.25739
75.2886
19.3465
52.2969
49.863
66.4721
62.8396
75.6321
62.1315
3.86429
53.872
86.075
45.8467
3.95984
91.0018
56.3485
83.9669
14.0374
36.2634
14.4283
14.6422
59.7871
10.3282
50.6325
84.2933
96.0247
35.4752
49.0719
94.1797
87.4444
24.9723
10.2242
21.9724
45.8588
88.4635
11.3775
48.4573
30.665
22.8126
58.4538
44.6395
45.2207
30.1584
96.0999
87.4141
90.1563
99.8395
58.8133
78.0811
73.6038
68.846
79.8444
94.8963
43.536
73.8079
93.8508
67.1382
32.0048
60.096
56.1403
57.0636
15.4065
72.4699
19.9763
12.3977
20.8997
92.6201
45.7814
91.6468
94.3993
65.8505
96.0093
89.6923
57.7152
8.38463
86.4755
99.2942
58.552
21.3426
13.2329
40.499
16.2486
26.2634
66.445
96.8347
27.4469
45.3451
69.3479
51.5754
64.7347
60.8231
95.9105
39.9373
53.0316
70.1104
21.1858
79.3145
13.082
93.563
92.8825
57.0591
44.9749
98.8632
4.38752
94.0256
57.4391
14.3552
88.79
41.4803
9.53413
75.5693
49.5196
86.9558
3.12276
79.2329
99.1245
57.2735
21.3393
89.5274
45.2886
85.653
87.9514
13.2134
55.1787
30.7746
74.3937
3.95974
84.1391
54.8552
64.1502
22.2672
89.8113
35.809
74.1232
68.2204
53.2451
66.0275
90.7405
66.3903
40.3529
25.9448
97.9259
62.6764
10.7526
73.5788
42.2312
25.1857
44.0901
88.4236
6.87527
41.5807
7.23542
50.6568
84.287
13.1947
54.2818
62.9911
14.8204
34.8263
96.0947
33.3516
7.98814
6.88747
15.8676
31.5903
17.6037
94.9978
94.9654
38.8258
89.1721
23.4293
39.5631
35.8868
1.12791
59.7271
79.3111
26.9843
16.5382
44.539
72.706
32.7452
19.4544
62.1466
79.0115
89.154
6.40761
89.4479
16.9289
31.1244
46.6496
30.0349
86.1794
89.4339
15.0509
77.141
76.6521
98.2419
92.895
45.0529
78.4185
3.81376
23.5277
37.3372
72.9513
77.3753
89.6302
31.936
42.2676
81.1085
39.5789
49.7852
94.1914
2.26832
51.982
24.2255
24.0825
22.0813
59.3791
61.0714
92.1175
88.8002
84.014
27.6468
36.7305
74.1513
22.2412
27.9939
64.5108
9.93827
96.0351
15.0625
90.5871
