8.71528
44.3692
81.7833
66.2437
46.5803
53.2579
44.9695
82.5975
7.93828
94.837
32.4505
67.0511
79.1095
51.41
19.9551
39.5687
62.0935
47.3367
35.6133
28.1776
51.0838
3.67989
4.7237
6.3069
13.17
36.0071
52.1969
41.1651
88.3715
14.4104
94.2949
6.91832
82.1389
62.7431
64.5399
77.2952
61.8616
57.9863
34.1034
69.8175
52.7824
90.0838
35.3481
15.6064
80.7485
98.1412
3.62899
59.1398
93.9755
66.1216
67.6603
87.5673
56.0748
40.6438
79.7639
28.9773
74.5798
82.8329
52.9355
26.2786
99.7383
66.8499
57.7889
20.3266
35.3773
63.2304
9.85295
78.7484
93.0565
45.5447
23.1838
95.7073
22.062
99.7907
6.91318
59.9522
8.28643
77.621
30.8692
21.7885
1.45217
50.9256
87.2546
72.3888
5.6194
67.3232
58.6798
16.6461
44.1352
90.5979
54.08
84.7007
18.4004
28.3174
6.70735
23.6642
77.9079
4.08674
24.7642
13.1995
55.3136
20.0479
87.9782
36.6089
17.764
50.8971
20.7342
80.4223
56.1994
71.9179
27.8732
37.6155
34.4779
90.589
71.0532
58.1043
61.6811
82.7317
36.4759
84.7557
81.8626
1.07536
35.959
91.9949
50.1416
48.277
66.4168
80.9542
23.3886
64.2633
38.4417
65.6495
80.9818
19.8018
51.5449
40.2618
14.2435
30.0753
2.92668
38.9853
2.6069
93.8404
87.3619
91.5163
62.1235
43.1045
72.2368
57.0101
97.2371
1.46799
98.9543
84.5724
8.77345
6.47413
35.6011
9.18157
50.5843
91.4597
85.3965
50.5997
78.1148
65.3578
98.9408
15.9267
38.1698
20.6554
26.2169
60.5874
7.03384
99.8357
87.7381
88.5827
6.08619
68.4754
24.4873
34.3006
62.1609
68.7409
58.3867
53.4917
50.3661
10.7009
5.00617
62.9006
1.82199
80.4359
95.1526
61.1421
71.0478
95.922
97.2161
52.2031
71.649
7.13591
95.0237
73.7129
99.7212
51.1079
12.93
7.97087
85.4846
9.74524
66.4368
96.494
48.9856
16.7298
58.8936
97.126
13.9812
52.7886
42.8121
73.6208
34.0318
66.1427
85.7681
62.8186
88.0407
41.9831
82.6132
3.05411
35.8061
11.0567
96.6316
6.52453
37.8724
76.3327
82.0122
56.2979
26.8224
80.5937
82.2663
25.9848
17.138
26.0224
60.2841
67.386
60.3349
63.7178
75.5808
5.7855
43.8706
21.0793
1.74086
88.9244
77.4815
35.2811
15.2704
80.6469
50.6354
1.87913
81.4983
57.5687
73.3903
48.4513
82.9569
46.8519
58.0702
68.5734
72.7892
83.2719
22.9276
19.6979
39.7254
40.8759
8.45653
69.8477
88.286
81.0915
32.0065
44.7153
78.1795
79.0333
87.0926
19.9161
93.2352
14.4029
24.7588
84.8378
79.9867
46.8117
12.1133
32.655
20.9712
44.0511
71.612
63.9286
49.7654
17.6501
60.5002
4.14915
26.5089
82.3798
11.8104
94.5683
52.1891
24.2194
10.3867
9.05247
60.7487
35.4126
74.5948
26.7605
5.97437
85.8655
70.5979
97.7
70.1129
1.39269
79.7521
32.7186
84.4772
80.2906
19.361
51.1589
42.6491
34.7147
9.08108
27.4423
7.27511
64.8458
9.50025
84.6606
33.4266
13.6724
47.6258
85.5972
5.4553
1.31878
23.4291
16.6865
15.4489
37.706
16.7525
98.0055
73.2138
48.5705
86.6619
27.7631
7.40533
20.3847
18.2124
77.9496
55.0834
30.5068
54.7287
73.753
43.9094
52.8764
44.4182
56.3057
1.82758
18.5837
63.6809
42.8004
50.6798
29.9859
45.5144
60.2237
76.5252
96.0143
85.0447
88.0508
97.0404
35.0425
64.9042
31.3125
15.4903
20.6368
7.72074
15.4815
18.8402
27.1666
20.2604
78.8312
49.6802
34.3019
97.3947
78.4149
98.8284
93.3426
16.5505
32.1734
5.10084
70.4517
99.4837
81.7898
18.0401
95.1233
74.9317
94.4761
96.7165
34.2751
9.38667
98.8875
89.3092
6.2969
94.8014
54.2902
57.4293
28.1721
78.3411
60.2226
25.3953
37.1583
64.0136
66.8845
80.9612
13.8339
20.9026
62.9143
43.1134
73.5504
71.9918
86.0017
5.03316
1.0214
66.3939
41.1918
25.0335
30.5089
99.3466
93.0227
44.0727
80.7177
84.5256
49.0215
52.2223
53.8413
55.4113
60.3195
8.20133
54.7757
99.2852
43.3582
45.816
16.5592
33.2825
74.592
61.2479
85.0489
8.87384
48.3334
39.4306
49.4428
74.9959
81.4751
64.6861
97.3753
98.9259
50.2532
6.15218
14.1699
38.8265
28.1307
73.082
48.8385
95.1783
43.7792
54.7961
59.3762
69.6011
56.1073
3.40729
73.4453
71.3325
87.3288
47.4786
56.6687
57.6806
74.5781
10.9445
84.524
62.9902
22.2614
17.7618
25.6159
48.3421
72.0718
92.114
21.1128
86.3382
22.4868
99.802
15.3391
28.7033
35.372
57.1813
36.8646
75.6472
95.1678
93.076
67.4543
31.9456
26.1992
63.3951
23.1248
15.4818
53.3795
20.4021
10.0407
44.0151
69.6831
78.3155
33.0127
29.1628
94.0766
30.0121
7.36581
1.37705
28.797
96.3121
71.3888
55.2172
83.0292
52.6517
43.3424
64.2396
27.9841
98.9712
84.6628
83.1172
30.5671
84.6222
34.8776
71.452
8.02921
53.4365
45.9791
85.5854
23.4916
54.5033
2.92951
49.2071
97.677
17.1052
18.2429
23.7223
33.3049
12.9695
15.1609
45.5442
95.7487
8.8113
84.4011
3.48644
2.24105
79.3218
65.4181
73.5462
28.0165
70.0095
87.7591
60.3989
92.1957
60.2512
78.1007
4.02955
48.749
18.4166
46.4433
83.3941
41.2396
83.2412
43.7335
88.5634
59.5726
94.0364
32.7903
32.1054
59.9963
25.0771
70.7516
47.9766
93.158
69.4152
65.222
84.0807
74.8286
18.757
90.7248
92.3826
57.2319
19.5051
29.3216
13.7634
14.8254
70.1744
7.99872
95.6914
80.8436
41.2132
1.62838
47.6443
6.93587
88.7424
90.2874
78.5404
15.4208
89.5165
77.9025
63.2014
16.1206
38.2744
8.5739
45.946
93.0514
13.8446
1.8465
31.6576
62.869
63.2518
99.2443
28.0812
61.7005
11.0266
4.35977
76.7302
98.0785
30.0654
86.5526
6.62725
87.7914
70.1786
71.8775
53.4812
42.2412
15.9245
46.1765
83.8965
39.0093
51.1311
27.1777
20.6374
23.9363
32.5361
70.3154
83.1491
45.701
29.3915
62.527
86.6971
31.6455
93.5867
54.6917
37.8075
64.8094
47.158
89.6346
93.4211
14.4735
1.95179
23.4043
29.9964
12.1477
38.1627
1.70661
57.7316
7.98216
43.4907
81.596
37.6841
91.4441
32.0506
75.99
13.5704
62.6204
82.6681
73.2427
46.3969
94.4795
12.7326
7.88833
59.9965
32.7637
45.9683
37.864
84.3719
82.5917
99.1917
87.4696
59.5152
72.3859
65.8942
59.407
8.28223
99.686
86.2581
22.5526
22.5333
33.5124
24.1587
55.2075
65.9489
44.7728
92.3976
4.13561
97.565
96.3053
6.73069
40.0272
56.0763
73.6046
20.9972
79.9789
8.65573
53.0352
6.64635
17.4488
58.0518
48.2688
29.9173
10.4646
3.81629
99.294
40.0792
81.3646
84.849
38.6306
41.7931
57.0927
83.1598
28.1408
34.4039
43.2468
68.3968
30.0574
96.5307
73.8721
4.74774
95.8241
50.2551
81.9427
4.57089
28.0664
37.1591
22.2377
36.204
60.6282
51.6595
10.7992
83.2023
91.3612
13.1028
86.2486
51.9344
6.87158
5.56463
91.7806
54.5614
26.8784
84.8172
9.68178
71.9286
64.7586
24.0415
38.2
84.7832
45.2139
37.4927
6.33292
92.2926
18.0284
22.9826
38.5532
58.584
74.3385
78.1707
7.13646
9.22905
24.3314
28.6383
48.9826
64.6884
9.53185
32.1064
58.3681
84.1425
3.27981
18.9797
17.0597
53.5401
1.60288
34.8658
17.6508
93.349
68.3811
92.6915
72.0105
64.8459
25.1022
67.2434
90.9964
15.6549
49.1172
82.5732
50.969
20.5692
13.516
12.6391
34.23
91.2979
79.1629
92.0443
46.5931
67.0517
90.559
38.5753
81.0499
3.11222
73.6196
59.6944
3.01394
4.11017
77.0104
10.6949
96.3989
65.5741
82.6306
44.9925
82.6554
45.9436
88.8286
11.3682
34.9695
30.6593
62.2682
87.6795
17.9175
44.836
7.81213
24.049
56.7311
23.1457
35.587
24.3701
22.4184
13.9332
25.8063
35.0316
92.272
59.7799
34.9209
30.0369
54.1781
64.4324
46.7464
64.8461
59.0748
66.5591
28.466
10.5059
87.0725
23.4559
35.7123
36.9894
38.9519
56.9868
47.9484
36.0957
62.6358
86.0431
76.1095
45.3981
13.0505
3.16365
83.6895
78.0636
9.14817
3.60751
47.7797
97.8357
80.0552
1.42399
30.6074
61.3212
40.1077
95.607
95.2167
15.9058
9.25714
86.745
53.1246
73.4826
11.5423
66.2877
5.4165
85.4491
94.5284
86.032
4.08384
31.4016
50.0758
37.4528
29.148
75.1095
97.3185
85.1295
16.2687
16.0498
21.4479
38.8684
77.5946
54.7598
25.1438
72.3974
33.7546
7.28929
20.2745
70.4031
57.0941
83.161
40.7551
3.44348
38.0264
94.3841
99.613
17.4524
19.9943
14.2138
77.2764
25.5119
2.13523
89.6279
75.7237
3.59047
16.984
70.4158
59.8105
44.7706
25.3151
99.7897
20.0152
74.7111
18.6797
71.7162
19.6489
27.5298
82.0967
81.9021
38.8003
44.0192
93.343
17.1485
20.1278
84.4747
63.5626
76.4658
85.2229
45.887
95.329
60.645
71.3962
47.137
35.6591
46.3601
24.4719
12.2084
40.6493
50.0291
57.5034
66.4995
27.2065
31.1267
75.1114
72.9385
99.8951
93.6271
35.1908
42.782
66.4318
56.897
14.18
85.6275
64.0429
4.6355
69.5763
20.9919
52.5646
98.0158
61.0077
18.6705
2.80117
60.5674
17.5386
66.0514
79.6255
4.54597
60.6789
40.3204
97.3457
48.9141
30.3261
62.1874
59.3002
55.8767
31.8647
54.7431
96.6992
20.5645
99.6822
72.7437
78.9696
10.0843
19.0784
7.45115
36.7431
46.3172
87.333
83.6778
75.3356
60.0162
62.6539
96.5459
79.2629
96.2518
67.5057
45.4902
82.6791
96.9141
42.0627
3.98928
68.3863
76.1026
10.4666
19.6551
34.0163
91.7201
19.9048
82.2452
55.9926
74.3118
33.3916
14.0018
96.5504
13.7928
56.6336
9.8973
38.4582
86.9034
94.8671
23.951
85.875
38.5496
2.45713
27.2151
50.8849
82.4172
51.1225
95.7725
58.6112
61.9998
84.226
45.7704
97.9435
53.8143
19.3744
94.6551
23.3742
67.6713
67.7157
97.7487
29.2934
79.5778
99.0439
83.4919
50.8897
78.7356
12.603
98.3413
78.0658
79.4482
65.2606
36.9545
10.7595
1.16743
44.3814
27.0837
14.18
77.938
42.4456
25.6498
65.1405
23.4194
42.4758
90.914
19.3578
94.0447
94.6623
31.862
33.029
32.907
52.7482
30.592
97.4931
92.6518
79.9949
4.49029
97.1017
16.7406
24.2512
30.8037
88.6985
2.39647
16.5404
67.8754
83.6716
89.8365
91.0977
45.7035
29.9663
75.4367
55.2839
17.9813
96.4008
51.1721
35.9514
5.30842
74.8962
8.79957
45.3936
45.183
19.2163
90.4621
33.5774
6.6771
19.7453
94.3931
80.5403
26.0642
57.1789
47.2465
31.5743
46.8846
99.3947
21.5718
45.773
15.3774
29.1104
62.2908
13.0844
13.3564
13.3473
25.3685
17.2901
74.8519
92.9381
66.1722
64.8033
76.3999
42.78
59.7101
99.2109
68.1661
71.5215
76.7176
8.3842
43.3021
94.595
68.6012
68.1683
58.5783
78.5118
23.4044
77.3193
64.8839
35.4902
79.098
17.9554
77.4685
11.7351
16.8946
33.4084
10.7568
43.8244
64.2451
45.4359
18.5732
9.26434
59.8823
51.6601
4.256
49.5814
43.4303
95.9998
16.3424
24.1393
35.2924
6.5459
95.233
40.3958
75.3475
5.14906
52.8953
36.195
99.6725
65.6755
50.0611
57.2583
67.0743
96.8845
37.5002
4.58271
92.911
94.4041
61.5495
29.2571
21.159
95.7259
33.0918
62.6877
16.7195
22.2965
84.538
54.0819
11.4835
49.2628
45.7544
80.3475
82.2518
48.8501
10.4327
2.04842
56.4626
85.8192
11.549
30.4684
77.2352
55.0678
56.688
69.581
51.7502
31.416
30.9792
49.8679
3.5262
77.7044
46.0269
64.5416
20.9556
20.5682
82.4572
22.8354
79.1056
80.8859
76.8592
10.8304
70.1667
26.0598
28.9973
58.191
46.4055
78.5775
39.0997
15.1033
98.6917
76.2211
93.534
78.714
22.2828
78.2193
31.843
1.1882
27.1417
81.8934
99.8263
76.5389
5.53494
48.5136
66.3651
40.7146
51.8287
87.2253
78.8667
3.39706
58.0059
4.52486
30.2889
64.0388
66.9192
44.9218
95.0384
92.0451
56.6647
86.7105
54.7055
80.0095
7.37534
29.0206
62.0489
84.1551
50.0363
39.5689
44.0979
79.17
36.4891
35.3092
84.2555
86.408
62.031
73.3923
20.6989
81.8571
46.3098
66.7705
10.1608
98.7506
34.5856
88.2959
10.2122
37.0696
60.8181
65.827
71.0123
1.06016
87.0268
24.1612
85.0444
29.9785
67.3385
5.4783
26.0801
73.5362
61.3434
57.8943
69.2195
36.2379
23.1357
78.1517
5.43419
61.62
96.3174
35.1721
25.5771
13.1045
31.6989
14.5093
14.3262
64.6279
21.6315
47.2895
73.5601
57.8312
41.9191
33.5785
7.93833
30.1037
98.3653
26.5402
53.2933
38.7687
62.5979
22.7053
20.1104
56.4009
29.7409
35.9564
35.7883
33.6656
32.2749
16.81
28.6026
41.5106
17.0144
72.9227
35.4036
53.2073
65.9058
90.2791
66.2116
3.52822
84.4601
44.1281
26.717
71.0616
86.224
54.1299
30.7948
29.3438
50.7474
25.2745
48.2643
20.7627
54.1704
73.9091
55.5209
71.716
74.1656
37.1542
27.5203
80.6184
56.6061
46.4253
84.8978
65.4153
11.4585
86.7094
60.6352
79.1587
61.4009
90.1237
9.00577
59.3659
54.2824
5.44278
96.4815
74.1163
50.9378
26.1043
55.1934
2.19576
14.9627
27.2702
97.7451
2.03224
92.7298
55.2331
97.1847
26.5187
2.64341
66.0214
10.9022
58.7352
75.2003
29.5823
86.6268
57.5279
57.9059
72.4646
90.3574
85.7072
1.82926
78.7567
24.9818
59.939
95.8366
29.683
85.7528
40.6737
32.2161
4.48001
70.619
5.36811
11.9549
7.59837
52.9932
3.21704
44.1092
6.17665
88.6646
87.3852
93.2405
41.4734
78.8672
25.1528
90.7407
85.7582
81.2651
44.8206
85.46
46.9134
61.2356
86.8171
10.6909
56.5673
4.85769
95.5364
4.14336
46.2345
22.264
10.8702
55.3167
38.5415
47.0827
4.70184
83.3026
9.69034
55.2865
46.7499
8.04019
12.3405
67.1446
37.4229
17.3292
31.7458
20.621
37.5499
19.9005
94.1276
29.3356
95.1499
63.3729
80.0836
53.9249
51.9881
48.0882
72.6398
86.106
15.2487
47.1318
84.5358
72.9772
61.7312
49.036
55.9526
98.7619
62.5186
9.00004
10.9176
62.3858
51.7684
47.9732
9.41974
64.9992
12.1969
46.7259
17.4363
98.5274
85.2562
37.938
40.4036
7.8453
7.22441
57.0557
65.9473
15.2029
61.9276
33.6645
50.0406
39.2129
79.8921
20.0447
81.7171
90.6025
18.4387
89.1223
67.0817
17.3631
12.1097
5.23901
76.565
31.9648
65.1939
90.8723
46.7176
3.12871
84.7932
13.7792
75.7215
56.3404
96.7848
44.6428
93.9707
17.1816
70.0495
61.1413
31.4571
46.3399
62.3309
54.9132
41.5162
49.517
27.7049
77.7956
23.5112
54.4099
51.9092
16.0407
93.3682
52.1559
53.964
33.2232
38.4437
40.3405
53.3982
89.507
49.0202
72.484
84.0733
96.7393
38.7396
75.2325
18.0154
23.5549
64.4615
7.07012
53.5438
71.3003
28.4177
17.2945
80.4977
69.7065
51.5333
53.1358
47.6944
47.6915
53.6755
21.9039
15.7795
7.43578
22.4952
3.96107
15.8825
8.34129
34.6012
72.901
59.1213
96.5689
83.966
49.0032
99.7635
33.7359
95.1573
35.1322
12.1125
85.7499
68.9178
39.0302
77.7737
38.028
92.3879
17.488
16.4415
12.2209
61.2591
56.5602
91.7034
47.7142
38.032
2.46159
90.8153
87.5927
35.3268
8.38999
39.8845
42.2545
35.1661
38.9571
56.4829
33.5599
54.9312
9.97623
88.4303
6.13097
7.52025
90.8823
24.5549
74.9519
10.7033
61.8166
61.0921
75.3948
50.5974
93.2783
97.6914
54.5695
76.5735
53.1692
21.8365
99.3274
36.7043
11.9745
48.8943
96.565
54.2146
48.0873
44.111
73.9866
37.2498
64.7182
32.7221
28.0492
29.5029
87.8204
73.3378
4.50412
81.1419
6.49599
51.4984
3.0611
48.236
32.5803
82.1327
54.5193
85.3612
76.1001
58.1964
37.1438
89.2015
17.5523
76.1204
14.6764
61.6156
7.46242
38.9598
82.2228
82.8655
88.9116
7.95069
16.4994
73.2946
21.0424
71.4351
72.9293
90.9815
79.1568
91.4915
95.1138
42.2124
17.2187
82.9421
21.9667
14.7497
48.7051
79.4653
61.1518
75.3289
96.7829
27.0823
38.2104
14.8798
34.1779
2.8432
99.3132
16.2853
37.183
19.19
90.9035
28.8137
83.6928
61.8231
82.2827
19.2864
65.5798
40.8182
17.9787
74.0829
5.66429
10.5644
15.6636
54.8715
66.8105
80.0314
15.4624
84.1598
29.6007
36.7289
79.8452
81.8654
56.9879
84.8358
85.9775
21.4156
52.2253
45.5347
30.8099
47.3108
11.881
17.4364
25.4852
2.3409
46.3392
28.7079
4.8902
34.9559
58.3316
33.2428
17.4837
64.7583
51.2935
92.4439
45.2784
20.7385
15.11
20.52
70.6834
54.174
73.9212
34.5056
45.1299
98.1701
68.304
65.5445
52.5222
65.8629
83.8142
26.1627
77.2287
70.4139
2.7713
14.4295
71.9472
11.0735
46.7511
10.1253
95.4222
41.1874
81.8666
12.2828
68.6861
98.8423
21.8006
89.672
41.6982
10.9763
6.7493
69.8424
19.4483
36.4443
38.6536
12.4526
81.3177
57.5269
35.3136
65.8698
14.6204
86.6202
89.7517
30.8334
24.3471
25.6463
16.0652
74.7625
19.4436
16.0759
34.7191
46.482
15.7792
47.5552
65.5872
17.8577
38.5038
30.8078
74.2549
85.7747
61.4393
78.2302
40.9963
14.1785
53.0104
78.3411
5.34645
13.7222
26.4907
27.1863
26.4103
2.07138
64.2284
40.3196
86.1561
87.9328
74.0894
41.9767
17.847
70.8577
81.1722
95.5659
68.5029
44.7616
66.0628
42.9459
7.30798
71.9875
23.9314
45.0095
25.2374
38.1247
47.5698
77.6761
1.54076
26.3919
62.2569
93.5828
33.8686
15.9545
31.347
54.7319
14.7822
43.7408
90.7027
82.0439
72.9305
54.2414
58.3057
3.73167
5.15652
94.2718
99.9609
26.4046
72.7495
52.5177
32.3671
64.8475
99.9325
21.2607
45.5201
79.2396
14.2264
13.9028
26.8082
38.9643
28.3814
74.6298
41.5003
85.1279
80.0904
87.0694
87.8958
23.3503
7.49991
10.0979
52.6462
37.5533
18.4352
30.741
44.4153
3.26698
55.7264
82.5136
6.51469
95.2123
19.8757
21.6146
28.999
85.5592
36.6456
81.0296
66.0711
19.2706
82.7305
54.3624
24.3017
85.2662
62.7204
70.0164
61.209
20.4313
47.6185
52.7341
36.01
23.6431
20.2347
78.5267
6.77947
10.9045
48.4741
36.4163
29.9797
64.419
72.7652
94.6127
70.5409
88.0687
31.6827
32.1985
74.1363
85.2971
92.5914
75.8547
14.9599
79.9919
31.892
37.2946
18.3338
17.1056
19.7358
13.6108
5.17065
90.746
1.92438
31.2896
54.5488
7.78294
9.453
38.0758
57.8233
56.4559
39.8414
27.2081
17.9663
32.2784
65.5571
68.2452
26.3617
76.5197
29.8275
5.78486
53.012
84.7745
88.1946
14.9133
87.7077
33.9002
71.1397
37.3781
63.9552
79.6485
32.1626
21.6639
41.2599
78.7879
6.42446
71.8552
84.6029
80.7427
57.246
69.6693
19.8055
4.90303
81.6755
91.1251
55.0211
92.8917
36.9181
1.19647
74.6505
56.5327
58.4935
45.2737
70.5228
43.7978
73.7042
41.8438
42.83
78.9983
5.2472
61.372
9.67342
68.5621
72.344
57.3366
7.74891
10.6843
95.31
23.747
15.5231
52.9806
46.3434
46.4839
71.5115
39.6005
42.428
71.6864
67.6242
35.9061
84.6243
71.4778
61.1102
90.0258
61.5093
60.7802
90.0309
86.7061
82.6729
1.50791
92.2398
96.4282
7.04127
42.6426
82.7635
2.9799
37.493
36.6575
3.04152
56.2078
3.1712
78.7217
20.3748
74.8989
51.8447
6.42223
84.7642
42.3936
49.5611
86.2287
21.0498
77.4951
12.2881
98.4571
7.27039
49.1226
19.3119
57.9562
76.2161
48.2605
64.5677
95.7767
43.3749
66.6892
87.1173
79.4594
82.4784
21.108
94.3895
2.05099
17.1098
99.9907
38.7745
63.5158
68.9945
88.3905
95.2959
75.8346
24.7615
88.6273
5.82295
36.9251
74.5569
83.1344
16.9789
97.531
59.9316
22.5998
83.7228
66.5192
97.969
70.309
79.0564
21.6614
32.943
9.96802
40.0606
69.9726
73.5226
73.4819
28.1161
72.7767
54.0962
85.7629
17.6502
43.5203
54.0597
69.9907
59.2879
24.1184
12.1429
27.7041
53.4972
41.3956
41.5435
16.3799
90.0286
80.8141
92.4714
3.76141
5.02128
45.6193
18.3787
86.6641
65.4131
55.5559
62.1486
32.0617
51.2175
67.7969
92.6141
68.932
81.7094
91.1509
48.1504
73.8021
15.8492
4.90314
90.4303
19.7319
7.30576
64.9931
39.9246
68.7044
20.1313
18.1553
49.9477
98.9204
82.4129
56.2444
89.8675
9.11685
10.2109
42.8473
49.7896
41.6753
26.2263
82.7277
12.4011
63.1804
21.6138
81.3197
48.7148
91.2469
85.6366
98.7438
31.1151
39.8697
73.9643
78.1763
90.3189
85.0956
29.4199
25.8852
30.4899
48.2558
16.1078
17.3578
34.307
64.2933
84.8367
90.0444
53.7195
81.7871
31.6424
56.7381
26.3718
5.34638
67.2914
98.868
61.3267
28.35
98.402
83.6307
77.037
21.9134
27.5796
25.8185
48.5401
12.4042
60.0333
69.3654
41.0967
20.9443
69.8211
1.9442
42.9086
64.2585
30.668
24.2425
39.1214
10.36
53.7784
94.6313
48.233
27.4001
89.6531
42.0245
53.1411
75.8488
2.70734
68.9193
74.4344
91.5232
60.2768
15.2388
78.325
14.0208
19.7414
89.0171
83.7119
81.896
46.6245
25.2001
51.9145
1.68772
13.4694
90.1455
20.4312
89.9554
83.5733
31.4572
28.7065
43.5935
