68.513
41.2451
29.32
66.1453
52.4357
11.8622
63.3823
92.246
21.7369
33.3753
8.86412
24.855
1.73298
82.5079
83.4546
50.6599
62.2677
84.7433
26.0728
31.7975
48.1481
76.8199
10.8127
26.7168
94.4241
19.6149
13.1067
23.4351
70.4647
83.774
44.9732
15.8107
75.2682
25.3667
55.0858
48.9565
19.662
89.3498
39.0027
53.1638
6.63615
9.88777
10.8147
53.6516
8.02414
45.3035
2.52332
77.481
74.9389
34.0684
79.8153
26.1458
63.6857
19.4043
68.3361
71.868
86.9911
34.3381
3.62503
51.6827
73.0604
7.04862
20.6637
80.9507
85.1494
39.8602
12.6735
7.24247
16.0889
14.708
50.4508
26.9961
94.5939
46.1637
19.1317
50.1168
99.5357
60.0122
55.3516
33.189
87.4654
69.3661
9.57443
1.52038
50.8352
17.0915
90.3673
90.038
89.6225
38.3159
8.87809
29.4676
48.4511
56.6738
69.1335
99.5864
78.1582
32.4064
53.478
45.2861
44.9276
37.9152
3.66694
23.4436
10.5595
38.9574
14.9699
75.4441
29.5547
4.35655
32.7959
29.8768
76.1891
5.15341
6.53885
5.06604
33.2785
30.2885
37.2414
30.5939
52.9185
46.4013
80.3085
23.4315
83.0785
61.3512
22.7325
70.681
51.2581
10.7406
44.1558
79.0191
41.713
53.2193
95.1058
15.1027
49.086
1.28812
71.4316
59.1023
86.9016
42.0583
23.6137
97.6396
94.7177
55.9946
94.0032
2.17115
61.9014
67.7531
82.9589
4.61551
15.71
2.55166
58.2836
39.4958
11.0235
85.7611
20.5598
22.4773
49.1923
38.5407
53.3873
52.417
18.1036
70.7934
71.8791
48.5955
8.82318
42.4696
63.4062
27.6144
20.8282
38.3521
32.4109
37.6379
68.2599
89.2482
52.0496
42.4277
35.066
50.3019
30.2208
82.9984
66.9047
25.8311
99.8211
30.5963
74.2235
21.2125
52.1879
56.5217
9.36289
45.6129
73.5998
96.1726
31.8316
17.9303
42.167
10.2998
46.1266
79.1946
97.4786
72.8891
22.2318
51.148
23.1059
46.8075
16.2196
8.67282
27.8709
22.4856
51.0971
35.1013
75.2895
27.8697
1.37354
34.2541
5.79687
7.31173
39.9844
64.1636
56.6463
93.5002
62.1386
10.3235
29.4558
54.1527
74.515
31.382
19.3431
19.254
15.0486
88.675
14.3168
58.2103
14.9903
93.6288
26.7779
35.9404
46.8008
43.5751
28.4659
39.8887
54.3355
29.5489
45.5681
25.4747
68.977
11.1356
23.0395
22.6912
52.6042
38.9582
56.8151
1.56907
51.2502
33.3105
27.5475
29.9872
11.2333
59.406
72.5441
55.7211
76.706
65.8125
95.3394
89.2089
7.8555
75.338
95.3066
66.6357
14.9169
39.2263
83.5132
36.3446
93.1037
9.05958
88.3842
49.6746
47.1619
88.405
68.5596
54.5847
49.8469
84.6754
82.2566
30.8208
92.3133
3.78321
97.7111
35.2261
54.4035
63.1428
99.8827
36.0999
96.3576
90.7788
91.0364
8.69895
28.6867
77.6127
19.9156
30.0219
5.24579
25.0387
52.5748
38.6601
28.8275
7.38769
52.436
90.5255
44.9447
71.3588
49.0935
12.9039
72.9879
10.8674
70.8979
1.99795
64.9435
42.0142
1.45621
40.2848
18.7577
83.8534
50.7475
70.1201
87.0693
30.6815
7.78687
63.1677
6.71758
41.9249
15.1783
1.24778
10.2009
48.6153
15.6947
16.1878
98.5408
24.0758
39.3225
77.9566
26.4862
6.86755
10.4081
65.7937
95.5789
56.6457
42.0023
60.0921
55.7532
29.5129
62.2171
48.4654
18.1909
46.7387
52.459
19.1081
64.5146
56.1368
93.5357
90.0838
40.0955
51.5978
68.499
17.4692
85.1803
71.0721
97.2227
52.6819
47.537
21.4556
69.9202
2.89313
57.7235
68.6742
74.235
76.4101
27.2726
42.1554
57.8708
76.7517
43.9651
47.7441
8.89183
81.4927
71.014
52.2183
93.5367
83.157
16.767
56.5962
12.7303
23.7394
3.39311
91.8173
61.0587
4.26573
41.2181
93.8315
72.0629
47.3639
27.8672
13.6661
10.1926
90.6115
68.0726
82.0197
93.1499
92.9853
20.1736
64.1232
52.2364
56.1128
51.8585
12.7225
14.1053
50.059
96.5712
18.7265
75.3008
41.009
64.7009
32.9288
66.6852
16.5278
31.354
80.4412
61.5156
67.6786
37.016
9.74419
76.3397
46.8435
51.3839
94.6063
46.9752
53.4911
77.7758
68.8835
21.8753
71.758
11.5206
96.6976
46.196
42.5189
63.0227
70.3834
36.804
74.1919
12.4398
50.4416
39.6026
74.3333
59.6662
81.6616
36.7617
28.5679
64.6825
45.9618
47.3788
93.5565
63.761
59.2841
47.7785
79.6656
48.8181
62.3548
47.7374
88.4571
2.05428
22.8539
40.0096
15.4818
52.8468
66.8973
72.8913
10.6822
66.9661
49.6059
63.8232
19.6764
11.1623
56.2581
65.2735
86.4086
37.2876
27.1142
74.6753
54.8856
34.5923
71.1754
7.77788
23.769
31.1789
14.5739
40.7668
19.3826
30.5381
41.4516
75.1653
56.5757
56.5969
1.17959
26.9431
60.8536
15.0534
38.5284
36.1996
49.6837
91.4971
97.9083
68.098
4.43516
41.2793
77.6476
43.2924
68.0198
87.7395
42.7226
60.8183
83.9902
95.8739
91.893
48.6733
2.24601
2.30396
75.3842
62.4966
56.4425
36.0995
93.7652
54.4656
30.7104
26.2568
57.1587
59.0269
42.0513
87.2362
27.4674
25.3736
77.8034
23.1517
22.6715
51.6663
24.384
33.844
74.2122
89.096
14.5917
61.3528
29.7171
1.93175
91.2285
80.4013
84.95
78.7283
88.4082
53.3348
46.7965
9.13177
72.2521
4.37545
1.59096
83.1799
40.0325
70.4342
96.4231
74.1863
63.7471
50.4382
23.676
52.2687
4.03297
2.23077
23.354
64.5374
6.67276
84.9554
8.82726
33.2905
89.7634
82.8817
21.9547
32.9779
47.2435
32.5011
64.0052
69.9688
53.6782
81.9105
31.9998
99.9053
93.6535
18.3888
26.689
5.00002
72.1709
31.3397
69.2785
73.8012
98.3454
14.0106
94.1323
10.8603
1.25372
63.911
36.1103
89.6391
42.246
18.1424
25.3861
82.4674
91.5684
46.5892
53.6766
58.017
79.8704
25.8378
86.1227
31.9597
69.5163
98.903
7.97923
52.4508
75.8453
38.9564
6.20814
41.4617
31.0337
11.0317
35.0101
39.5751
4.3608
82.4818
65.6247
5.02824
21.7696
30.7308
30.0939
75.7819
89.7767
77.8502
32.893
41.5641
2.5992
37.4316
81.3136
49.6237
36.6216
5.60004
80.4019
67.3108
66.2297
66.4297
85.3554
19.2406
93.2245
83.8972
45.8136
24.5503
50.0064
73.8529
89.9026
58.2256
78.5244
45.0455
49.4449
56.2214
47.3705
17.0271
71.2879
49.8663
21.5207
33.2568
76.1115
62.6305
60.7966
66.2844
5.22822
9.62775
62.1106
53.5837
8.4895
65.0325
63.3203
92.0624
23.2753
81.0671
84.1203
6.06857
49.7105
12.0556
72.9536
6.49331
78.0023
92.9392
69.239
26.5472
76.8873
21.0002
54.4693
94.5764
82.9099
93.1232
85.0711
24.0281
50.4564
24.7676
11.7868
26.24
53.9189
7.20621
39.6562
20.8855
27.3711
78.7022
65.5553
97.0104
98.1582
31.5693
76.6818
58.9376
83.7782
47.9556
27.0552
77.882
45.0352
12.7952
9.32045
68.6799
63.6109
67.0449
21.3083
43.9522
34.6221
25.848
17.4083
89.457
48.3782
57.8817
89.1567
56.6777
1.39919
31.6692
97.4047
58.2651
14.9082
2.83477
29.03
43.4533
64.5781
16.4806
81.6015
6.02302
53.4415
75.341
4.03237
54.8767
47.1432
69.2213
13.3907
61.9661
22.7341
65.7954
17.8401
37.2857
61.3855
22.737
23.5318
40.4403
1.33891
32.1032
93.4096
58.0003
53.1658
18.3809
76.2665
62.9687
90.3076
93.9409
30.9769
87.239
40.1325
93.9599
71.3155
41.8076
45.5122
66.7161
10.5993
46.2127
9.47908
6.67199
30.7073
65.5287
61.0203
74.0455
87.3367
74.2446
69.2699
87.6221
47.8914
89.8908
18.995
81.8326
61.4224
67.4743
18.0343
3.70307
76.4458
60.7209
99.812
5.51107
36.8698
77.5341
19.9825
64.3675
91.4587
15.2738
98.3975
17.9834
56.6574
69.2604
69.8699
76.4668
49.0525
65.3364
48.9785
53.2424
89.8991
11.1291
32.7091
88.4339
2.04899
19.1615
64.8093
47.6751
95.6221
17.039
85.9173
56.7015
2.9627
59.6997
87.6951
63.6264
32.1614
13.1621
33.4616
86.1251
55.4325
44.1423
22.6399
25.6225
52.3297
27.4855
50.9798
51.4499
12.5871
81.7765
72.0977
66.0614
11.7038
41.7322
81.5484
74.9648
52.3131
10.1893
40.7776
81.142
33.1413
77.6461
15.8873
89.984
80.0275
65.5293
92.9244
49.411
33.3346
80.3206
86.2262
11.2712
12.8212
2.12154
41.5761
4.36113
55.4187
9.35418
28.97
3.35596
80.1294
17.2838
48.016
64.7404
82.8491
1.04779
80.3839
52.9029
93.7061
99.5261
86.1268
92.4504
63.9233
67.8686
10.3609
69.285
61.3444
4.555
41.6061
48.9322
35.5303
81.9467
83.6241
83.5601
57.5597
86.8206
1.91402
66.53
9.82556
12.4395
52.9561
41.3295
67.0018
34.663
16.3533
7.59191
12.0015
40.7732
33.4874
33.5479
36.0189
37.8242
24.0645
21.6928
57.4413
56.8209
55.7621
4.31756
14.7115
89.0495
25.008
16.6806
51.5691
38.862
16.3897
37.4021
33.8474
25.458
13.3883
48.5053
27.0784
41.1773
9.29665
57.2591
14.1683
46.9112
26.958
54.5319
46.8275
53.1585
12.3365
84.425
69.0247
25.083
84.2769
56.93
10.9813
14.0741
87.0921
71.0136
46.4424
39.3314
28.3674
79.9952
32.3374
92.9194
67.5113
78.6648
1.00703
31.1996
4.9213
94.9284
35.5304
24.5747
64.1218
82.854
20.8465
44.0179
76.4642
76.69
44.0542
75.6032
86.8749
48.7488
84.8717
2.56662
74.5658
65.387
57.7843
14.8726
3.96273
51.4046
90.8533
19.8658
65.641
5.91708
69.5634
75.0282
82.2244
43.0597
19.9309
86.7431
42.1015
57.5819
78.9747
20.0755
48.2326
30.8621
28.6271
44.9761
24.9145
31.0157
55.5414
7.1902
64.0347
31.7328
96.9516
47.2104
60.524
64.8036
49.6991
34.9388
38.9942
33.13
25.629
12.3142
10.7154
71.6273
3.72524
47.6651
72.4904
80.2535
60.7933
55.604
31.2447
60.733
97.3406
46.1138
10.6794
96.7742
74.5193
31.4038
51.0839
28.0026
73.4983
99
50.254
61.1744
42.2594
50.4744
45.4032
10.0536
27.3266
2.58492
38.74
92.6029
63.1881
72.3801
49.4425
12.3651
13.7551
31.8084
96.3341
86.6142
85.5509
89.7874
1.21759
36.6435
62.6452
36.5874
46.8982
47.4152
28.3399
36.8073
91.3417
44.4527
36.7477
21.0318
26.2564
83.1905
50.703
60.9721
74.9842
50.9653
55.1861
49.8754
53.0567
35.7421
54.5713
37.3842
65.0407
83.6326
93.1514
29.337
98.6101
67.5806
62.9764
7.25601
48.7462
95.3588
27.1196
63.8652
93.9276
33.2894
30.0832
40.9093
46.6074
57.7101
3.14094
93.3127
63.6338
84.9961
5.23503
87.5837
96.4083
22.6032
58.9661
97.9525
76.4931
71.0076
72.346
17.0265
31.9173
91.292
97.1355
15.8559
67.929
6.69082
21.075
48.3544
99.8568
61.6354
99.779
13.7669
59.531
77.7865
12.1543
66.4234
37.9626
79.5975
77.5142
67.6092
7.3758
98.1178
42.4177
66.3458
54.5149
11.9378
58.3952
91.6049
27.8873
53.253
31.863
17.3814
22.3866
22.6234
38.7219
80.0872
17.7781
37.9445
30.5451
43.1293
73.3427
20.7415
30.9372
66.7199
66.9307
38.8267
34.7334
48.3912
62.797
44.6157
20.1584
6.0766
82.1871
44.4125
15.4602
55.8002
8.94235
71.4974
84.652
98.7171
17.611
40.1117
99.8466
57.8246
64.3539
65.9241
61.3003
48.4036
15.2173
72.8488
88.0926
16.1455
93.9964
56.7943
83.4555
53.7978
52.2224
7.6519
89.5149
68.6138
69.4755
58.6469
38.0605
75.8631
78.1729
59.4594
96.6133
17.0119
22.8046
34.6299
17.6442
6.51454
42.9529
32.1748
52.0997
75.1686
16.7682
52.85
59.9132
34.1029
86.7322
67.4223
3.37753
98.6619
29.0334
89.4503
63.9687
82.6318
26.3319
58.3184
3.16231
25.6288
35.8841
34.9775
17.671
27.5874
48.1651
33.1642
92.7762
30.3513
94.4943
40.8168
16.6181
87.8599
41.3062
68.7864
34.8389
24.1368
11.1165
74.3397
54.5396
7.41972
77.0989
48.6927
64.2565
60.26
17.1429
52.34
69.8799
59.0516
57.8671
77.9969
16.3439
21.1644
21.8857
67.1888
67.9049
72.0313
72.3252
39.5309
19.0866
16.014
89.3065
90.0677
36.5559
38.4167
65.8875
44.3419
67.8886
70.4024
79.1555
71.0172
1.40151
86.64
4.79564
20.1614
15.8494
54.0998
76.3823
45.8974
89.9175
50.4081
74.0294
98.7115
33.5834
20.8033
63.0336
80.6887
31.5319
9.3123
23.6641
50.4201
10.3178
39.2375
95.8968
8.77874
55.0305
43.5042
88.537
35.5364
62.9399
48.8374
16.9883
74.0331
46.8051
33.0181
87.3164
97.2077
34.3527
37.974
73.9514
41.3665
14.2505
12.9519
53.1117
36.5863
58.7459
58.1912
80.9974
7.12589
47.6714
90.3981
30.3883
21.9263
53.0362
44.2057
30.8764
7.72502
7.00564
2.77758
1.39038
36.7197
71.8266
69.3292
5.78045
23.8333
71.5397
63.0496
51.9405
79.6398
19.8553
50.0497
27.9318
33.3463
84.6992
29.1855
79.4645
75.1643
39.5391
13.1996
67.7321
83.7387
52.0845
84.2618
65.5245
47.648
87.8841
18.7302
32.2544
37.6764
22.0813
61.4261
44.7432
91.8609
89.2423
89.2538
43.4911
10.632
31.475
27.6517
43.5752
73.2091
56.4484
15.7701
73.1654
96.8351
50.4073
94.1304
78.6241
29.4391
51.6687
14.5874
65.7346
78.4362
28.2211
73.8849
76.9265
33.6126
60.4466
49.3222
49.389
51.4127
33.1373
15.1425
78.2236
38.4363
14.2037
22.7859
67.0024
91.596
64.4543
53.3377
83.7162
65.6625
27.1345
87.1153
90.9379
38.4495
72.1868
91.1519
55.5371
87.6585
5.52024
89.3405
86.4114
98.7034
4.8756
93.1562
70.9313
30.1552
67.7335
60.3802
78.6885
83.4229
80.8858
16.9104
1.53222
22.666
67.7936
61.6339
64.3066
18.1872
4.9594
82.9355
91.6563
19.0014
67.0717
4.15675
78.5665
42.2811
37.4564
90.0749
93.5372
32.1461
39.2878
66.6204
56.2326
18.6062
27.1553
51.2791
44.2459
56.4994
71.5863
27.0349
82.5768
15.6305
32.7317
51.512
20.6832
41.2238
3.99006
87.352
34.4091
79.6418
91.4126
63.0663
62.9408
82.2685
22.6574
8.05808
67.6576
16.0684
71.1324
2.62281
68.3964
70.505
48.637
26.9497
42.7018
47.0246
68.0902
74.8949
71.327
78.2539
60.5369
16.4779
39.7951
2.45997
57.0647
15.0512
30.416
11.8703
81.2883
8.61449
61.8111
12.3653
63.4163
88.4349
27.3262
31.5587
16.0219
3.75902
37.0439
11.8992
77.4114
87.2918
98.7497
88.628
73.4896
15.4744
40.0079
55.3926
91.4534
25.6875
69.5111
47.7825
10.4169
49.734
19.0073
7.48673
47.3646
71.4682
2.24429
97.7103
54.8967
4.05659
71.3333
7.41521
21.9283
77.958
14.549
72.9829
32.6995
35.1423
65.8289
58.4684
39.0794
62.6491
59.7331
26.1243
1.01081
25.43
34.9395
35.356
96.3194
62.6736
32.097
91.1039
90.4484
50.6027
22.9312
64.7969
89.8013
27.4368
53.2994
28.9657
79.5754
96.7132
8.12901
16.4806
58.0686
68.5566
13.6577
1.70077
66.2589
45.7434
20.0187
81.468
29.3952
2.93108
64.5345
20.1729
24.325
10.7832
34.1608
23.3467
23.2106
29.8392
88.9163
98.6423
57.1317
40.227
6.27979
75.687
92.5659
66.1731
67.8389
44.1093
16.2043
15.1522
99.0356
64.2294
9.29301
32.4413
99.8365
73.3477
29.4258
21.7956
14.6037
23.9272
93.342
11.8273
82.841
97.1771
53.6784
18.0877
47.366
64.4177
15.392
62.4962
1.7952
56.5759
61.8927
37.193
64.3745
74.4035
47.289
29.3213
47.1224
78.6694
13.7386
47.8498
10.6974
68.1421
58.6234
83.9038
29.9163
32.0644
66.3785
45.2122
76.1648
87.4739
7.87849
51.7607
74.6002
71.3592
10.1943
32.3797
99.6657
75.0227
2.55071
45.7189
58.3885
45.9368
57.6629
76.302
27.1281
24.2414
85.8551
16.2836
38.0271
20.5775
83.6628
21.8107
41.1892
49.0073
72.1428
15.1496
51.1037
57.1684
27.2173
31.7141
58.4682
31.9596
81.3524
23.1566
5.24317
68.8818
94.5911
81.4253
83.9972
12.5028
78.8259
42.1694
65.4595
50.4908
25.5278
55.5308
52.17
70.961
4.21698
59.5545
37.6724
71.7547
27.727
82.148
14.3557
87.7188
41.7096
58.0385
81.4599
75.2936
77.2986
57.318
45.3335
92.3021
45.8268
13.7927
93.6717
57.3425
7.37555
65.195
2.59443
88.6436
65.4404
31.4492
26.7804
6.75451
96.5009
37.195
90.724
99.1858
18.0368
73.2942
87.7575
53.7425
69.9592
58.4617
23.7728
89.9693
27.2213
50.7999
11.7659
2.22969
14.5581
89.1399
90.9904
55.6306
31.711
67.5675
36.2499
37.3687
95.1426
15.3724
99.7301
22.506
8.14386
53.4931
45.8612
19.61
88.5235
7.57401
82.9675
41.1278
86.3363
46.5571
70.9201
1.42954
68.3405
17.6673
76.7067
20.6827
42.6913
92.6053
10.3515
16.8513
40.2628
30.0939
51.3199
10.9611
30.4131
36.5871
15.6787
35.7322
97.6687
70.9531
41.3917
1.34963
6.23417
48.592
87.6321
48.986
26.479
64.2993
1.28835
66.5264
19.1721
42.7772
89.3974
8.98109
83.6326
19.818
25.2031
74.0902
89.774
95.0139
8.34654
55.3417
79.0209
15.769
49.8855
80.1773
69.2452
41.5996
17.1443
25.8507
13.9047
82.5405
31.0096
5.22224
29.4585
70.6207
90.2261
90.4598
72.7724
87.5667
35.1459
28.0129
56.6996
89.6667
45.9183
95.7617
18.5267
11.1644
72.5089
36.3574
24.0848
25.0498
57.8726
70.2126
69.3392
56.9511
99.7903
21.9697
88.8937
5.2737
97.6036
66.0723
16.023
43.0031
84.714
5.97353
84.2576
58.3274
52.9169
34.6693
14.0664
94.7106
94.0897
38.0058
11.0911
20.7386
64.5822
79.1732
17.2385
42.0076
76.3763
46.1003
31.3313
62.3166
27.1328
53.1417
79.008
32.9404
82.5561
27.2093
45.0987
82.9935
42.9778
54.4385
60.6114
10.7281
40.8854
24.6262
29.2752
34.2074
94.6407
4.67687
15.9178
87.6723
90.4184
64.7943
29.9652
15.292
41.6369
38.8074
60.8002
62.0135
18.8962
98.1178
29.1199
47.2381
13.4483
39.5083
47.8205
62.6928
68.2704
50.1183
74.92
36.2527
8.67857
11.5518
39.8819
47.0992
21.7935
49.0142
81.0298
16.7323
75.8972
13.7226
98.3069
53.7726
98.2379
98.5468
45.2721
75.9752
71.1357
99.47
93.9469
81.1597
2.31029
67.9009
89.4666
61.4852
15.5602
91.7287
1.00829
88.6935
53.1809
16.7883
51.1342
62.7195
10.6615
79.8703
94.1666
74.4617
51.9694
98.8839
98.6373
42.7368
29.6129
46.8309
42.6969
87.0569
44.9918
36.8184
75.7204
17.1305
89.5299
66.73
24.1245
25.4765
91.3036
96.7852
15.7217
52.0017
25.8168
8.30458
33.3159
4.17969
94.2974
91.0801
11.439
57.197
6.00409
6.63372
62.7429
60.2413
65.4612
64.4062
39.102
48.6408
86.6009
16.8683
32.3881
10.1391
77.0375
51.3245
41.4965
69.8761
67.9521
11.428
14.2416
96.7736
25.1025
53.4441
13.4184
64.5019
66.133
64.216
91.6496
69.7351
66.7729
87.683
64.9457
9.82113
31.1008
98.445
36.13
54.8642
41.5687
51.3532
83.4497
13.4011
31.3524
87.3056
96.7752
8.55411
47.2285
13.605
60.5224
70.1537
54.7917
12.2203
82.0973
34.4681
22.677
30.9123
66.2859
66.7451
96.0201
61.0361
83.8498
15.0567
17.2989
41.0565
74.3838
23.7472
20.63
91.0207
99.3379
3.92289
76.7312
29.0165
3.72591
89.5629
32.9283
21.7403
1.85819
61.0494
32.0466
19.6614
67.337
26.4645
54.1708
25.549
43.429
40.0543
38.6648
82.0349
22.798
49.2544
12.2494
29.7767
72.7061
81.0995
37.7852
16.6116
88.0686
75.4813
58.8917
14.3861
46.3589
8.77924
93.9025
88.9888
91.9341
55.6045
47.7358
51.4889
69.2055
7.31815
53.1602
24.8243
43.5603
34.4934
40.5155
17.6858
74.0792
61.4233
45.187
44.4091
53.3599
85.9164
4.20932
23.1173
54.2517
7.30845
9.31385
73.6546
28.6752
47.5305
93.2944
80.0889
69.4874
90.857
29.3202
82.2956
35.0406
20.113
60.5868
44.4216
96.5736
86.5647
70.5399
56.3067
13.7388
30.0431
40.504
53.4548
22.8658
45.0913
15.0213
39.9965
45.5732
9.6785
86.122
7.9524
8.6192
19.9578
37.5609
91.4461
89.9322
73.9523
38.6389
26.8912
55.0198
20.4492
74.7234
10.0304
74.508
87.9684
95.2216
58.1877
49.8652
91.3228
4.97216
96.3175
1.88414
88.9439
90.9615
77.0697
42.5603
52.9895
14.301
44.0022
6.81039
16.5365
13.8851
42.3285
86.3452
29.1534
67.257
69.4836
88.5934
22.1732
12.1698
91.594
8.74045
55.1902
10.5052
85.9447
29.3773
8.28733
23.7675
43.6489
99.9633
54.6249
83.3669
63.0051
68.3384
47.2777
63.505
36.5313
77.3222
30.2417
97.8575
88.8142
20.1089
88.0526
6.44971
73.3516
44.4176
7.74982
84.3869
55.2487
49.8458
65.886
22.7867
20.6495
28.9995
38.1778
54.8352
86.7141
50.1249
79.561
60.3143
54.808
59.3326
37.2026
86.6327
49.5333
72.6495
33.0861
24.8182
96.7131
20.0518
15.4623
90.2852
33.0986
22.4277
20.2826
50.6174
55.3695
67.0543
24.0097
79.1966
56.6699
84.9678
82.8514
55.6407
90.8282
45.9252
81.4255
96.7595
31.7251
94.6447
67.0442
88.9212
74.5743
12.2423
91.2157
55.2018
46.3663
14.1517
23.1983
92.0393
65.604
61.8334
16.2688
30.1034
32.4487
17.6828
76.4678
74.3979
59.5637
32.5139
81.3263
88.9819
55.8321
86.5736
67.7069
69.632
83.2252
21.613
20.3979
2.8962
83.5969
35.2595
84.7627
7.16271
86.2677
34.8853
93.4208
95.7067
65.9346
3.07527
56.6826
20.4578
49.9273
97.7497
75.6943
96.3402
35.9545
61.4411
16.7808
14.2822
95.5566
71.0816
98.0134
67.9149
35.4869
26.1333
47.4456
52.918
53.0127
95.7595
4.68526
72.1816
89.9185
1.37027
5.63055
97.9596
78.0841
93.4569
1.55916
43.2558
8.43334
56.1667
69.5393
95.9507
78.5485
22.8842
95.6552
33.1926
8.75874
85.0949
94.9858
72.8355
8.36658
14.1814
48.6615
57.4228
26.179
72.2862
82.3089
83.3894
6.45535
19.8765
44.6061
71.8188
22.8984
37.2874
62.8981
19.1376
66.067
88.1073
45.4529
13.6745
15.3305
92.9965
15.1312
9.69106
56.4484
81.2436
51.6265
61.5623
41.7781
68.8678
91.338
8.31594
6.14975
72.8223
83.7369
86.4581
54.5687
82.6551
62.496
55.0391
68.3195
46.9505
37.0219
18.3672
91.7434
8.64084
56.6038
86.2397
95.0203
52.9181
25.5221
55.61
30.0602
42.657
58.9876
60.2338
56.4436
92.9243
26.8596
73.5303
66.9813
45.3625
73.3035
61.1131
10.5195
91.1738
57.9476
64.457
76.6683
1.92062
45.557
72.334
2.88021
89.6545
17.3065
7.13635
79.6915
71.0702
83.3442
26.9034
59.6868
36.2466
87.7395
25.2625
92.537
11.1138
50.5601
13.1777
37.2301
32.4557
36.8391
36.8243
15.07
54.3287
10.1327
59.0275
78.9444
31.8792
63.4439
17.9996
16.0206
59.8017
64.3576
75.3104
96.1247
45.2044
91.7669
99.7463
99.4472
7.28897
13.9474
68.7952
62.5252
38.9454
81.416
29.6529
70.4098
70.267
96.441
38.5708
30.2148
32.0073
26.6272
41.5236
66.7597
20.6694
94.2715
49.6122
58.715
38.3324
54.1294
51.4938
96.2107
26.977
49.2508
75.8002
9.24172
29.9216
93.0236
91.4551
75.1424
47.8808
59.7473
17.9192
46.8131
74.8874
70.4109
65.731
12.3157
95.0251
51.1101
19.2183
87.0168
54.7349
85.2966
4.64058
14.1807
47.413
47.2011
46.6399
74.9534
18.651
75.8316
25.8772
4.72118
59.834
26.1424
38.7102
2.13369
38.3987
41.003
22.1735
99.0396
1.74113
88.4569
59.4263
42.3561
40.7157
52.1949
95.6495
91.3471
62.7314
75.4536
3.80238
15.6871
56.4039
1.80646
43.2588
97.0456
7.47843
40.6257
63.1882
56.6389
56.8186
99.0512
52.5507
29.5989
23.5536
11.6469
12.9717
87.1116
2.02464
14.1632
32.8444
24.3582
34.264
29.1701
75.3834
68.3367
33.4831
66.0739
94.5354
27.0022
53.6892
21.2207
26.4842
43.1703
93.6242
20.6519
40.98
44.0816
33.0208
65.1481
6.95927
16.0648
13.1133
28.3858
9.6427
66.4545
33.976
9.50212
67.7129
89.9859
53.2568
42.0916
19.8269
90.8878
73.7278
64.7071
73.0625
14.9905
40.9176
67.539
87.032
80.3048
92.2994
39.8354
47.7264
36.5394
73.3458
2.97114
27.3875
6.27325
56.7324
31.3193
35.371
77.852
57.0776
13.9121
10.5878
11.0733
32.7502
33.4374
36.3991
53.4251
72.9223
77.5544
33.4538
66.0144
52.4534
46.9507
9.87502
32.7492
69.8308
55.3381
1.37404
73.4358
65.3979
46.26
1.27441
45.3302
12.209
83.5969
68.9594
57.7575
13.341
90.1187
40.1965
32.9327
28.9686
89.6238
42.3272
59.4885
51.1397
10.2259
87.5122
71.3839
65.4547
56.3061
23.447
87.6581
80.2686
48.7766
15.1396
47.8413
21.7653
30.0555
28.7052
78.7696
13.8832
95.4534
16.7121
82.1559
2.41715
12.5303
60.9626
79.0617
87.8668
7.10069
47.6367
27.4374
48.1838
49.7838
59.2857
99.6086
49.7213
98.7074
85.632
77.7901
39.3629
18.9584
62.9821
54.7938
91.1915
44.0099
29.0732
71.8132
48.4028
77.7574
6.84582
28.8797
61.0742
6.9006
98.709
69.6163
25.0793
75.6989
48.3117
69.7197
74.0791
79.9516
65.8585
79.6827
79.5612
55.4617
49.1907
33.9995
95.6527
82.6938
36.2179
21.6339
17.0383
18.2506
78.1522
37.5117
87.4415
13.2206
36.47
22.582
86.9794
7.7675
3.91024
35.3941
7.9645
54.3317
74.8157
83.0284
38.7432
36.1437
18.3659
14.7765
48.8432
78.2856
60.8801
51.251
54.5122
66.4991
83.3427
40.5439
21.7116
60.9861
42.6112
84.5512
79.226
68.3736
6.9496
86.6315
46.5532
86.6336
67.5514
93.7089
91.9781
99.7991
6.28786
8.26864
23.9886
17.1878
32.4802
64.2679
12.4503
99.6121
73.4396
65.6145
69.7352
71.6568
87.3347
18.3418
73.1492
29.9742
12.0627
65.1178
37.79
64.0373
55.5124
39.3134
17.4001
6.16721
76.6571
77.1314
80.1287
1.8084
75.3374
36.4815
91.4213
36.7033
86.1803
2.06953
52.8089
34.5745
83.0847
53.3878
31.5106
58.3656
8.49698
16.6809
61.6806
92.697
73.8945
42.28
7.29532
78.026
89.9286
12.7341
98.9926
59.1425
35.7507
5.09017
7.89965
18.1916
3.5877
1.6525
88.925
94.4528
44.2288
4.49344
64.0732
85.1395
56.9472
94.8447
55.4009
33.3907
19.0521
41.2827
89.858
93.9601
93.04
80.5079
99.6825
94.9142
95.4467
65.4513
33.4983
5.99121
9.57828
33.9566
57.5535
47.2196
7.11346
78.2898
6.97336
8.56572
62.8764
84.8981
73.6687
79.5951
29.9076
22.1819
74.3827
99.5015
44.3873
27.0201
82.807
20.7736
48.5641
71.9377
95.5204
40.7358
76.2821
57.9823
9.03134
24.0628
51.5575
76.6625
1.33085
7.28205
42.2349
78.318
71.2947
6.68284
33.3758
72.9723
35.9462
91.9449
1.43652
35.5626
50.9565
96.9465
63.7282
93.8571
88.5732
54.5632
67.4051
84.124
98.4565
13.1076
78.7826
60.1879
45.5046
64.3567
95.1202
55.8187
8.13887
57.5214
86.2928
57.8521
59.5128
49.2227
6.38461
72.2211
30.8608
96.1777
87.5291
47.4086
50.8272
4.46581
64.4949
73.8637
63.2934
68.032
84.94
75.311
95.4469
87.8974
23.6767
80.7479
28.2201
49.5368
7.8785
90.0532
27.0283
97.0124
12.2624
71.5569
25.1543
42.592
25.5323
93.8082
48.5432
1.10303
15.513
46.3301
47.5577
56.8901
96.173
32.188
72.5985
19.3127
35.1888
84.399
80.5592
51.8165
47.2419
37.6623
71.1245
62.8134
40.6704
56.2327
27.6708
68.8785
39.1148
56.5692
55.8766
92.0054
9.39512
18.7352
48.1636
78.4575
44.1242
61.5256
52.7749
1.17689
25.9748
5.48005
64.0612
77.0816
31.3867
1.29827
54.6173
3.25183
69.0344
15.7565
51.9138
9.17845
83.3373
49.3595
33.3108
81.3368
94.3723
56.8737
41.2349
91.8251
75.8026
42.0206
78.5571
7.82459
89.6436
13.1081
22.0086
28.6401
25.1723
20.7544
29.2995
34.802
46.1458
91.9558
36.1698
68.691
17.3526
68.4767
11.2616
56.018
11.5551
77.3129
16.8562
21.097
77.7541
58.3346
98.3221
31.329
95.0609
43.8908
33.7608
70.0795
96.0099
46.7147
57.3647
49.107
12.6356
67.4348
20.7356
6.4707
36.447
44.3353
63.4024
3.89896
1.30164
43.3473
51.7661
73.0621
44.9956
82.794
34.8326
91.5534
45.9274
4.2661
71.456
28.8523
75.2896
79.4416
78.0115
98.344
5.18356
25.7004
68.1149
48.1508
91.8602
71.0849
58.1534
29.855
75.4292
22.1822
62.6304
5.59524
92.9777
44.478
69.6896
77.2985
71.6315
82.5184
76.9747
87.0328
3.50363
56.4304
34.1671
71.7026
45.618
69.3641
63.8699
6.52263
15.7192
41.1392
60.2355
22.2093
33.6584
63.4731
17.9042
1.54437
71.5776
88.0609
16.0965
26.8224
64.0968
97.7493
75.9231
29.4898
14.7496
80.9958
90.9192
42.3186
35.2924
21.9589
79.8426
14.5287
21.2191
78.6246
48.4944
32.0838
8.8137
98.8249
81.9064
50.6738
46.5309
13.8871
53.9184
96.1658
14.0319
83.802
8.71503
48.3113
38.9492
86.5534
40.5755
99.4481
26.8215
65.1738
91.2812
5.6155
50.043
56.7676
42.8912
44.1497
91.1448
81.1085
97.3444
12.7512
77.3029
14.0924
96.7837
1.58031
52.6585
43.0101
66.5408
96.6663
23.0912
9.68986
58.801
20.0368
29.7831
94.2248
33.0053
90.9485
78.4844
36.0898
73.1761
67.0609
36.2195
9.71231
30.6709
54.0736
9.38982
54.7289
39.4153
48.7839
71.966
84.0124
26.89
32.223
68.3639
1.01789
91.9433
88.4474
88.517
6.47582
78.8468
54.7059
30.996
25.6355
9.09529
9.10432
57.964
65.0703
51.7608
26.8283
93.4656
22.5717
54.5445
43.3531
75.8206
66.9733
82.5557
8.99646
32.3048
61.4677
83.4422
50.0558
19.7794
44.1511
87.9468
29.3135
58.389
91.3121
3.5921
34.2718
99.8555
31.821
89.6421
50.9691
30.5628
97.5884
8.12805
68.2189
79.787
57.3156
86.0428
5.35874
24.8214
13.5218
72.3538
9.07979
99.827
61.5476
11.0431
94.7507
6.16058
78.7765
32.3178
5.33182
35.7977
86.4772
49.3031
59.145
32.1107
34.5133
24.8854
19.5321
26.5674
14.9101
53.0113
57.8778
76.0046
62.5241
43.2926
68.5681
87.7615
92.4035
56.0401
34.6744
74.7345
99.5686
91.0987
43.6108
18.3571
4.13831
64.9542
95.827
2.65878
80.7338
24.9329
35.0123
12.8696
15.3727
52.6087
66.8797
19.6865
79.8797
76.2245
24.5326
6.6773
59.3603
32.6343
96.2521
24.9089
87.4669
81.3738
49.5179
48.631
44.0459
57.4771
79.4986
96.1746
26.9927
25.0641
10.3067
12.1966
31.7462
10.4668
2.15806
77.9393
13.584
24.3692
39.8034
93.0088
20.1235
86.122
19.547
98.5866
13.9934
85.7701
72.4822
31.3326
78.2323
82.827
5.40056
30.2139
41.1857
78.1181
34.237
41.9705
93.6222
44.4311
90.8795
96.2509
7.54705
82.436
98.8437
5.20257
95.524
12.1919
9.10774
83.4722
35.8457
18.8477
91.0262
62.0003
85.5797
25.6179
16.0652
73.3689
5.4198
4.59603
51.7207
13.3141
79.1787
30.0977
81.1764
80.5029
24.6483
18.5583
94.9738
7.52927
25.8275
59.1413
8.49751
37.232
78.3648
47.8874
98.9832
16.9098
90.6126
13.1849
82.8242
27.0888
3.2705
42.1154
80.7569
87.7794
45.6764
96.1128
28.6644
64.9203
84.2066
18.5621
6.7877
96.7926
50.2695
55.6894
47.8935
59.6084
68.651
75.0906
34.2368
27.4028
24.0144
32.0971
33.7844
6.25909
68.6878
96.329
32.688
66.0431
61.481
3.27182
6.47477
7.33049
88.4799
58.3847
33.9367
45.2469
27.447
78.8034
10.0565
54.5254
1.36388
28.4247
33.3539
97.6901
50.8678
40.0795
67.0481
1.28345
64.8596
86.3652
82.9857
45.2821
47.6033
12.1135
92.8269
68.6578
92.1501
22.9892
37.6385
20.4481
77.1784
70.0689
2.14875
30.6309
24.4403
6.53247
81.0671
91.6208
29.6925
44.2593
59.3805
43.5103
15.2052
35.4792
24.4799
36.9273
69.5788
80.2272
30.3745
41.206
44.8332
76.0676
57.9486
18.2405
76.7323
40.2898
92.0546
91.6539
87.0281
68.8218
85.871
13.5984
71.8455
77.1043
21.5746
17.7548
93.3324
44.5134
2.21456
15.807
59.7408
39.5271
59.0547
70.0804
76.0452
30.4625
27.1547
63.2417
77.4038
83.0743
98.5721
82.9274
28.8182
88.0999
81.126
24.4394
44.7314
51.3917
36.0849
62.4263
98.6329
85.9623
77.1627
38.5527
35.8652
57.8394
72.1228
96.4947
60.0047
72.6356
33.3233
36.3368
59.7818
61.7009
85.0787
12.5911
33.7382
53.107
43.3647
40.4294
15.1333
67.7616
52.384
90.749
72.0083
60.9299
89.3616
47.8192
17.9981
27.0288
50.3371
34.4129
84.2962
37.7628
85.648
83.0515
74.582
71.2307
34.4406
33.9873
6.6431
59.6129
59.5869
24.8297
63.4215
85.1964
19.2029
46.2258
8.47639
49.5042
94.556
61.9906
3.16525
49.3188
55.1373
80.116
1.98141
65.0207
24.3654
69.0719
59.0419
4.31831
62.9733
38.891
65.3235
51.1829
79.0802
63.9949
27.3328
13.3202
72.265
97.3682
28.6283
43.5183
88.0554
44.351
8.54448
25.7445
24.2663
74.5396
67.9436
18.5226
24.9546
19.4827
3.19497
95.2863
95.6532
54.2869
52.8558
63.7887
13.5153
60.779
54.3141
12.4597
35.7747
25.2132
50.6362
70.8186
57.9284
82.3855
44.536
87.7389
95.1796
86.6343
5.23717
46.4809
41.8878
61.2032
84.126
18.2714
72.8508
38.8202
20.8359
37.2525
55.2966
14.1788
12.0486
67.6279
18.7493
16.5463
4.93651
5.91188
7.46763
15.7312
57.5741
18.4563
99.1664
92.3216
42.5869
32.6759
71.3016
48.926
52.4219
52.2315
19.1296
93.6445
34.6745
89.0296
43.8557
73.1414
10.7059
75.7048
40.6267
98.5798
70.2517
54.6343
73.235
50.8164
53.1462
95.3009
63.4293
51.6697
66.9745
75.9542
46.3015
86.3858
7.80995
34.0502
69.331
16.8902
15.462
39.06
57.3728
98.1487
11.3397
91.3259
30.6907
6.34458
44.1362
98.5855
3.2713
43.844
10.1705
84.6766
65.231
52.7939
64.2401
89.8037
94.1045
72.903
33.3818
38.7258
67.006
22.1457
67.2602
1.12013
38.6874
33.9829
22.1394
81.1076
62.5538
33.4734
48.9595
46.2414
59.896
56.5853
12.4711
48.3968
82.553
26.6929
60.2631
12.3948
94.1967
31.1102
17.0609
43.8943
31.0568
49.2273
67.8853
90.9443
64.2356
41.8921
15.7076
14.5161
26.2078
86.1294
56.4516
1.06246
71.3647
78.7379
10.4277
70.999
28.9526
50.0091
64.4653
12.7743
58.3864
53.6494
54.3049
67.0748
38.339
94.9819
3.89669
53.0885
40.3838
2.17842
49.5567
48.9641
95.3733
2.86066
56.5467
7.42166
54.1125
77.4821
54.0948
62.3993
71.6449
16.5039
66.6398
2.88257
55.7056
83.4979
98.4743
62.7326
1.84861
84.9621
28.9154
82.3768
27.1871
13.5342
72.0815
43.5318
52.5572
88.1189
35.1089
28.4678
3.91418
78.1336
13.8717
16.4998
65.7727
56.14
85.158
37.2716
5.6656
69.0556
88.1026
16.7075
77.0798
65.9492
68.5785
56.1847
74.2108
63.2053
66.7229
17.2348
19.6332
36.5606
43.7841
22.5741
21.2149
38.7774
40.2607
31.4581
6.07547
15.4368
9.07571
33.2293
57.5404
59.0086
28.0426
51.9376
21.166
27.6998
22.8041
96.9938
52.8046
86.2978
79.4379
79.6345
66.6694
46.4778
51.9161
8.84272
47.7956
12.923
72.0919
27.4021
59.3892
85.5783
49.029
23.7742
92.9991
1.1695
46.0274
39.7642
33.2624
58.3832
19.4857
31.7873
9.08914
96.8178
77.0363
21.5257
77.8769
21.6098
99.8729
78.1972
59.3664
38.0553
99.8659
88.6127
64.2463
87.9132
72.0676
27.4951
18.9472
2.72431
82.2208
93.1578
22.7301
34.6164
61.4852
52.9919
82.6378
51.331
42.0961
61.9072
34.3859
69.4355
11.7766
6.31022
29.9234
78.1756
66.9992
34.2616
53.8997
9.91055
20.8875
18.0078
88.2329
46.5428
73.6902
8.57288
26.7076
9.42415
13.3781
38.089
68.9634
90.2775
48.4067
67.1011
89.8317
26.8128
45.3133
61.7301
77.9473
45.1656
54.792
89.8181
57.6501
40.2821
82.368
5.00688
72.9906
15.3786
47.2123
12.6977
18.8308
23.2264
27.5504
13.5791
27.6729
82.3762
22.5661
86.4471
14.6419
35.7585
8.15274
78.959
26.5421
20.2607
48.1727
38.1559
78.7448
75.4296
41.7204
8.61797
6.27805
62.5117
24.3676
96.2794
97.9626
60.2982
43.39
26.581
71.1685
52.9587
7.65326
60.5139
57.2922
89.3944
70.0145
14.9901
94.2666
48.9085
10.6724
3.35551
67.6797
58.5585
56.8467
93.3094
40.1541
4.99463
35.2617
48.717
2.75007
49.1692
19.5952
91.6617
56.9079
73.8738
11.6612
97.8641
68.8043
66.3816
3.30801
1.81376
17.7711
16.7071
46.1018
86.5523
42.1355
58.5524
61.9704
22.1707
10.7185
70.648
51.2917
58.2997
29.273
33.4223
43.4793
59.9248
84.1383
42.0832
91.1718
70.1137
30.4912
33.1721
52.1268
50.4455
98.5478
44.5389
37.9748
94.1558
56.1387
27.63
47.5969
67.6443
17.4519
70.6273
94.7464
98.3783
67.7877
52.2367
63.1118
17.0122
97.1848
50.8755
12.8331
75.8759
83.9862
63.2331
40.6842
20.5768
67.4998
39.0691
8.50528
4.13574
57.3959
65.2809
62.1411
19.5169
7.31199
9.37849
86.9522
20.8804
82.646
36.138
19.8047
65.2754
15.8577
80.0546
16.3968
31.2014
12.4542
26.2012
26.1818
89.4573
55.6003
61.4237
75.2174
86.5588
69.5197
86.7722
94.9745
81.148
56.4188
39.3857
24.9713
1.40988
52.6771
28.5465
84.0277
2.898
57.464
33.9525
85.3972
5.19429
51.7654
49.3645
97.2149
39.3999
5.63612
27.9193
12.9255
76.1414
78.4225
55.3607
91.3547
69.5812
47.1206
64.1871
6.24445
2.42892
5.9337
41.1873
26.3214
83.4445
56.2234
82.6823
61.2873
80.3872
97.1625
24.5414
3.48496
70.6369
36.8767
49.7111
81.1343
59.4246
85.0541
8.36992
33.9449
58.2661
95.7831
77.3832
11.4966
26.8082
76.207
21.3172
41.5156
37.7919
66.8383
96.3111
55.7458
25.8437
62.0616
92.4458
67.7413
70.0484
72.4377
94.8305
60.2181
24.2058
76.1627
33.4818
31.7691
28.2106
93.2137
35.5039
44.1482
61.7453
54.7139
9.68033
46.2268
15.8631
63.3605
84.2271
47.4279
98.1463
29.2903
52.7071
9.27915
32.9882
26.4715
71.9675
12.2968
87.7827
87.8208
61.4462
98.5569
75.9882
64.7321
37.6629
82.7815
41.8498
88.8321
50.9981
97.576
8.88344
98.3393
34.5133
66.1881
38.3962
75.7787
75.086
65.8707
31.3657
10.7989
89.278
7.92685
68.1087
28.797
93.3886
79.6808
66.6118
72.0324
68.9938
70.4561
3.58391
62.7968
82.6696
85.6808
17.5999
30.2552
30.276
13.9994
52.5733
63.0343
20.3007
50.8325
6.85129
1.39937
65.1432
84.6306
74.7466
12.4264
17.4036
15.6246
40.6923
95.3533
43.9003
70.763
13.6537
93.7082
17.0184
89.497
33.3549
19.9074
37.3366
7.96664
58.2477
10.5563
3.45269
12.7415
24.7699
17.1461
62.9368
15.516
61.092
87.748
79.8386
14.1601
86.5662
29.065
98.6008
61.6616
68.4249
73.5833
98.2968
96.8544
85.2894
61.3663
1.10009
41.0907
41.2396
50.0058
42.4132
86.2117
17.0544
33.7812
72.1451
5.66263
97.1107
96.9434
6.56424
87.3779
26.9531
72.7345
15.403
22.3292
65.3099
16.0667
77.3959
3.54741
39.7997
74.3847
91.1198
31.5802
34.4521
92.2633
29.994
2.1276
40.2026
87.3118
32.6287
66.3633
47.7183
97.1292
81.8448
48.3011
7.97598
18.9931
57.2886
87.0256
93.2416
6.28169
29.5981
16.1484
3.89272
20.6708
27.5634
73.6803
8.92148
92.0756
5.29268
74.8098
92.4507
78.4385
4.16347
3.90356
16.2691
41.6425
41.7226
3.82883
1.34413
60.3443
24.1535
9.19677
53.8073
84.1489
6.2205
61.2817
5.25656
91.3225
52.781
62.0067
93.7665
17.001
12.0006
27.8123
62.5358
96.9574
19.5879
8.17137
99.6912
53.293
91.6348
78.3949
38.8892
6.7174
55.3619
44.3269
96.0584
40.8523
59.9081
21.4113
5.25829
56.0043
92.6077
23.6914
95.3639
13.7667
54.5264
61.9916
7.64406
18.9844
69.7344
16.4456
61.2718
22.2569
98.7657
65.9868
32.1976
9.08634
31.72
69.2931
87.5933
11.1687
48.9296
49.8017
59.7268
36.8593
72.7631
47.1737
81.8084
48.7843
1.84446
45.4246
34.7982
18.3022
64.6707
25.5167
51.1619
62.9667
38.1025
75.3192
1.31214
63.9617
39.4441
17.4193
57.8744
36.4243
86.85
94.7614
30.386
68.2255
68.7054
82.6512
23.4883
67.0461
51.296
5.5451
67.3254
50.0381
76.655
45.7091
57.7214
93.2275
10.9255
68.9571
3.35353
99.8699
81.5333
9.5881
62.7152
84.7472
38.0544
50.3157
94.3732
50.0335
92.6343
32.7762
67.1448
38.315
71.8828
34.1392
92.0648
62.9353
26.0937
21.3678
70.1381
64.4916
89.0728
24.5644
95.2156
36.4743
7.22491
75.5257
58.5447
53.4884
50.5742
23.724
43.0922
18.7851
91.6226
43.0909
51.846
29.8725
6.49746
5.36272
84.0919
44.3611
99.745
23.6849
63.5419
62.6721
69.323
24.9081
74.7631
90.2256
30.6871
61.3109
99.0699
85.3234
25.094
90.1601
76.3002
7.43384
9.08128
48.8571
31.859
83.465
96.4765
74.1372
99.7539
99.8122
72.4093
23.3893
80.8042
17.1299
67.2074
40.0753
88.5804
4.16748
29.4742
74.1135
62.8554
52.4767
61.2325
62.9566
86.3622
29.6216
38.5473
62.4505
51.8364
2.90092
35.7914
8.4132
97.999
63.4445
45.1903
94.8097
34.2104
88.1056
89.0459
82.2629
87.5722
41.2787
29.3487
6.65516
22.4445
4.01529
51.485
84.1449
87.649
39.151
97.5805
26.2261
88.3205
62.3943
12.7298
27.7184
47.3547
18.3869
5.27588
14.1824
73.6105
61.8058
38.2106
13.0373
94.9968
1.06822
17.871
85.0286
71.8668
34.3995
78.628
37.7912
74.5179
65.1523
98.3968
94.8342
80.4588
5.62168
43.7828
93.686
77.6067
24.6089
27.6237
87.145
66.3592
3.87931
44.7973
31.2165
53.6785
50.0999
38.7379
37.0965
56.9118
85.2361
1.94657
72.987
60.5743
56.4619
4.54501
98.7755
87.3997
92.3256
72.6479
47.7082
63.5052
48.8972
7.70005
74.5567
35.3994
26.881
16.1682
32.3183
29.0138
36.0612
17.3398
17.6105
75.8118
15.9615
23.1518
83.9799
34.5732
67.2031
38.1087
95.4131
44.1596
78.5822
95.5403
36.3381
20.6666
49.1638
58.3945
5.85888
52.8239
42.8235
32.8472
69.4503
77.9644
68.4948
99.0029
32.6754
2.97862
54.3481
10.6089
49.3076
87.1873
11.1252
64.9381
33.9707
79.109
56.2315
31.5378
37.8387
79.8653
56.341
49.6265
2.22088
1.25353
93.3464
37.6862
15.5234
63.2128
17.3215
56.1028
60.5004
81.4032
46.5302
36.4812
94.2795
92.9617
31.5613
53.2883
62.2018
32.7372
85.0829
27.8556
46.0131
54.1815
65.6861
29.5773
70.5627
59.1887
67.5874
52.2541
34.6404
51.4357
96.1571
76.2626
33.3722
46.9499
6.56387
91.3385
77.0168
95.6742
83.5092
99.8826
72.4321
40.8419
52.6412
40.7733
32.6607
13.444
76.8499
25.1586
71.9441
89.2232
89.8585
6.73781
88.2196
80.7837
78.5588
35.1742
85.9858
12.9304
73.869
1.44415
82.9409
55.6966
68.1648
13.9068
12.3149
35.4102
43.5874
87.0954
71.5272
83.8974
21.8318
62.9266
19.9274
99.7689
56.0404
20.3765
84.0668
29.4276
11.7818
1.8671
5.74958
65.7998
33.5662
73.8546
77.1883
92.1693
72.3397
98.6175
93.8722
51.147
97.0361
26.2814
52.0738
83.8108
45.8281
54.2726
52.4268
6.52272
62.8873
37.3172
89.2874
79.4898
45.1969
8.00391
17.2089
48.5751
96.2625
60.8341
37.5092
50.3796
98.2684
38.7452
66.3983
12.5184
99.5743
37.5895
3.38429
66.2647
5.64982
67.6623
34.458
73.2253
1.17277
7.49277
33.8979
52.3618
64.4306
10.1774
69.2224
4.14125
81.2644
8.59938
5.36268
1.83031
61.1644
53.035
78.555
13.5243
44.0289
20.2989
68.7773
73.4714
1.79103
65.343
98.1739
95.8904
14.0261
46.4155
54.2811
52.5231
5.31722
99.176
66.3278
21.6312
53.0556
75.0094
77.286
43.2456
78.662
28.8363
54.2714
5.08133
98.8937
5.792
75.8134
87.3171
38.0584
11.1188
78.7173
14.5742
41.5722
98.2081
96.9788
65.7844
11.5265
86.656
77.2678
3.39699
96.0413
76.1494
39.1823
36.996
21.4195
18.1908
49.6125
56.2347
77.0205
77.6224
13.497
41.8495
31.5681
47.5024
24.5508
7.61405
61.3202
86.5658
28.8293
60.0758
36.6301
27.6468
4.66569
48.4665
30.7711
74.3631
31.0772
9.09532
55.7398
1.6372
57.9728
75.7085
35.6498
9.28686
52.6869
92.0889
84.1238
74.8398
47.2937
92.1444
51.6586
3.10281
55.2295
66.1391
86.4436
93.8969
20.0517
71.4223
2.86577
19.695
2.03154
97.5541
14.1964
84.5531
57.5124
95.0438
56.1536
87.6583
65.8684
35.8637
94.5142
58.5243
42.03
91.1839
46.3112
74.8575
34.2168
18.2797
22.1338
98.2506
18.8808
7.54195
61.7111
40.2411
62.0864
5.09645
62.9478
38.0168
81.1223
85.3763
46.6049
55.5528
77.2341
29.8091
38.1886
21.9983
70.7773
22.3574
61.3892
1.5728
62.8383
9.36485
91.3672
28.0899
91.0559
13.5604
6.52887
19.2637
65.1567
7.003
79.5464
30.6106
46.2854
30.2927
39.3288
39.9043
64.0405
80.4042
28.2365
1.48316
3.14323
36.8465
12.4361
80.1562
82.4124
59.7249
22.7393
14.6983
56.0952
29.3775
28.8939
22.1453
6.72895
50.3848
24.3444
44.4948
25.7612
33.9412
44.9747
91.5886
65.5325
89.1735
16.447
34.5409
32.9955
20.0264
70.9075
20.7133
20.1324
7.66715
12.7805
41.5814
59.0927
54.7521
5.10133
51.2485
68.8859
66.5244
85.0622
38.7469
48.3171
81.238
34.537
91.3897
72.519
44.4355
77.3094
42.2849
52.2095
90.1235
50.1906
9.46755
41.4779
94.7296
25.3821
72.189
2.1905
47.395
4.68318
5.73403
62.3226
8.4541
26.3692
50.6172
64.7467
70.2745
36.4949
45.9636
36.8137
34.4172
6.80397
23.2982
35.4371
16.6994
17.4408
1.457
90.6278
91.6861
41.0737
22.692
82.2013
4.46784
96.2113
63.8701
92.8938
12.7767
1.86768
67.1388
30.6736
34.1412
98.7864
20.6214
71.1076
35.4739
57.4634
60.7429
16.347
49.9613
79.1791
66.3218
9.65427
15.6843
37.9414
36.7365
3.2288
54.2851
43.6197
5.37571
74.8329
71.6761
33.2971
45.3782
26.0668
23.7257
79.147
54.8019
14.0366
69.1636
1.35881
31.5765
65.7492
48.0703
11.3024
4.31009
33.4231
44.6227
1.52069
26.0947
17.194
34.4421
76.2883
62.3009
18.8399
10.208
11.4493
15.0413
14.9211
62.3691
16.3587
99.8418
76.9719
22.7958
56.2795
97.8284
16.1245
30.4733
2.43766
99.1616
16.2873
93.671
3.12852
5.4921
10.0862
22.8766
72.4292
93.1517
49.4264
91.0004
8.04279
40.9542
21.2258
30.3158
28.4115
16.1749
36.0985
91.5564
7.86014
16.455
83.4803
9.45436
94.4332
71.8625
82.5956
2.5576
17.8619
79.1252
24.8325
15.2583
90.0676
86.2541
82.8389
2.13941
38.5084
61.0861
34.9144
1.37992
28.0777
71.0627
87.8816
54.3327
6.27083
62.6765
64.3714
34.8885
7.06451
25.0145
67.7185
33.3984
63.764
34.1183
89.2307
62.2528
13.5168
6.67827
41.0463
10.2094
94.2817
51.1528
72.08
84.8334
58.8071
69.2906
1.50522
15.34
6.84641
92.0063
94.5033
70.668
83.8611
21.9186
66.9506
74.8552
88.9456
99.922
62.7814
60.853
37.8705
18.2778
33.5938
60.3239
67.3297
29.1934
83.8339
85.5195
24.4169
64.7601
58.396
92.4571
48.2646
61.2883
40.8629
94.6443
1.92028
59.7527
40.7564
24.5371
60.9715
22.0587
93.4798
72.9745
30.9341
48.6226
97.6707
42.2376
56.5276
75.9929
56.2689
21.737
81.4384
6.97627
45.3987
44.6791
4.82779
10.2977
79.9178
9.06433
48.7668
56.5152
59.372
47.4554
48.4412
78.8862
84.2427
5.36922
28.0099
73.3335
58.9961
12.6449
53.0725
77.5431
26.1459
38.5859
17.458
46.167
20.0075
37.0012
37.3784
46.9042
2.34829
54.2232
12.35
11.5108
69.4008
14.8562
95.4868
74.8189
46.1288
79.187
69.9512
74.6335
76.3458
24.9472
65.3042
55.5905
88.4518
9.14819
12.415
10.6994
68.9116
63.2675
15.1243
98.8068
30.6862
16.474
1.40673
42.6998
12.1432
54.0895
53.4608
48.3636
40.9587
93.7543
46.0865
3.5111
39.7658
62.2656
94.9334
36.646
9.97899
84.134
19.5256
47.1441
61.5572
91.0668
32.8466
14.6326
94.3654
54.8153
99.7304
70.687
75.0185
37.0526
59.6964
25.8888
89.7818
20.3735
35.2273
20.2958
13.7811
66.8071
90.0285
68.0675
20.7663
1.47412
41.0355
69.1248
43.4463
39.4357
62.6671
10.9746
30.0425
8.78879
76.0627
61.305
95.1262
25.0809
18.7244
31.2682
9.55701
20.4784
49.5311
39.9885
53.2131
73.033
69.4137
67.0449
16.7497
5.9341
31.3086
63.6309
61.8729
78.9017
94.756
82.4306
66.2174
86.8967
12.9194
44.5552
66.8529
95.1888
95.0492
7.61782
69.1921
91.2232
62.036
70.5161
61.005
51.8666
90.0971
20.5801
21.2757
11.6056
48.6189
5.74725
50.5151
92.6271
50.0914
61.3136
14.2494
85.0766
81.2002
75.9254
2.66356
9.6184
99.0086
9.06322
87.6221
42.8683
80.1981
11.8549
59.2827
61.8309
78.0521
58.5929
66.4484
41.3882
53.3214
41.2491
25.3033
13.2361
69.5871
93.7605
58.3176
73.3053
5.49509
19.7042
37.2311
37.1234
4.47793
35.8584
7.51049
41.635
67.7459
84.0527
86.9686
60.9724
32.3192
12.1119
21.5579
29.4792
1.96388
25.956
80.2917
92.0975
79.9527
55.8348
14.19
26.0488
92.4743
91.7544
27.1002
44.6036
4.17245
72.0132
94.525
84.193
33.4352
69.7443
5.51813
23.0137
74.9587
57.9013
9.72519
15.1687
9.12812
93.2273
66.0957
48.2294
36.0407
17.03
71.411
91.238
10.714
6.92696
97.4408
54.2761
87.8946
20.9555
9.30177
99.504
66.9807
46.2292
28.5837
14.6403
85.6289
90.4167
17.0768
21.1508
66.5195
93.355
50.5974
67.8532
35.1115
82.3178
22.602
58.8413
22.8144
67.241
78.8952
92.608
19.8175
21.0282
25.7798
33.5311
73.4625
75.6348
98.7785
34.0743
77.4631
78.8149
3.54952
56.8587
71.6747
84.3351
56.897
84.9677
93.9999
68.8314
83.6672
8.91256
49.7689
84.5633
72.385
68.9315
60.8827
1.76538
73.5703
44.4916
24.1793
43.096
1.07711
76.1419
36.7703
87.2039
12.2341
5.73964
89.7681
12.1285
45.4597
61.3712
74.3288
67.0611
45.1973
75.7075
82.5539
19.2859
18.7427
99.0351
16.2061
45.3571
6.25571
20.3342
99.1503
30.2423
80.6487
7.57517
84.7956
45.406
43.6193
61.8898
80.1967
86.1502
34.5665
42.126
19.7448
68.0107
27.9572
8.19454
70.9856
53.2681
51.6355
28.9005
11.0636
32.0646
86.8303
86.0317
70.9694
17.7845
28.9127
85.933
68.4166
49.6941
36.8518
14.9238
39.3058
23.1761
90.0621
66.4455
66.4489
42.2433
21.0792
38.3827
47.5251
74.8951
25.2399
35.6027
18.3154
86.752
80.6579
65.4994
34.6251
19.9322
31.0101
28.9042
29.7219
1.4833
58.5335
8.12658
56.6232
76.2053
94.2404
43.054
97.3353
13.8653
88.3201
82.0435
21.1044
44.1806
65.5544
87.4559
84.487
90.0407
7.69135
88.362
37.4282
89.2297
78.1419
56.3233
40.0313
1.13831
65.3249
72.2239
67.7123
71.8782
10.0887
58.1485
82.5132
8.89278
34.2789
46.8985
50.6114
46.3687
55.7039
93.3385
60.7548
11.0048
34.1688
83.1747
85.676
91.2269
10.5259
59.7952
99.0219
74.3735
30.156
55.0463
29.3636
42.4289
52.7715
10.8643
64.4634
5.53553
94.7128
85.0176
67.7551
24.9998
62.5293
39.0043
1.95248
43.6613
79.0815
44.3185
83.9186
26.933
39.2887
43.7478
94.7896
13.3223
91.1822
80.3567
37.1501
13.1664
17.7949
60.5549
70.6586
53.4986
41.4493
88.4707
4.21079
95.9191
18.4951
63.7186
47.5673
64.8873
68.4308
91.6672
46.2682
17.9913
91.1654
38.7718
97.5884
65.3268
37.2651
10.5877
98.8069
49.797
77.5827
3.52271
1.12289
10.7033
53.3529
53.7038
57.0314
44.6069
55.2791
56.8245
4.76911
98.5842
75.3463
84.0001
19.8167
30.7052
89.3604
46.2327
46.0061
72.974
3.2262
62.8459
1.64402
46.0458
87.0423
11.2963
83.1976
95.6778
27.3723
69.3135
74.8127
29.1317
78.5036
14.8415
24.756
21.1335
86.2673
25.3591
27.4035
93.1427
6.50042
43.0381
33.5158
35.9913
10.9287
23.0953
24.3194
95.3259
35.4776
9.77173
43.6642
34.4612
69.1306
12.6773
55.9867
9.35097
10.4608
96.7342
98.5049
88.8561
42.2555
80.037
78.0354
16.268
82.5107
70.3323
8.23693
29.1857
97.0949
47.5211
94.2225
40.5134
43.1
71.2887
29.3007
69.9335
33.5745
83.9133
67.0207
96.8839
13.5611
24.5158
46.2886
96.9858
59.2058
93.1867
19.5252
76.8395
89.3173
22.8093
96.1461
82.8846
53.4209
49.5564
7.32055
68.3583
89.0353
32.3708
3.25711
29.4112
28.836
85.9271
40.7851
94.4269
22.4228
60.2808
86.1039
1.13169
35.4476
82.5557
33.7681
26.2368
45.4559
20.9699
72.3119
38.5577
20.7935
72.8431
78.6244
85.74
71.4001
63.7979
9.33843
48.0128
43.0136
18.9202
8.79834
62.6266
15.0811
34.3563
35.6634
95.563
94.6473
33.591
21.8218
97.8018
78.3942
60.9847
34.9888
32.1698
64.5235
42.1582
41.0509
56.8297
81.9
47.5442
6.25562
41.2533
59.025
17.9718
84.514
57.0614
73.9538
48.7544
40.7211
70.6625
33.3287
58.5546
9.27301
75.6828
55.2828
47.5987
89.5745
14.257
91.8057
36.7241
85.196
9.10996
85.2887
52.6016
19.7372
53.4714
34.6929
67.824
75.9924
10.6706
37.4194
23.8702
40.138
31.4728
64.0937
37.8322
81.8114
60.0714
3.92412
40.9884
32.3447
54.9422
93.2712
32.7606
13.0588
19.3293
83.1221
65.8471
14.6959
64.8946
72.3075
83.6939
88.3547
98.6627
27.2348
45.4402
14.6899
71.6349
53.581
66.3365
31.1173
55.207
49.2163
21.7308
18.3045
74.7093
17.3746
67.1866
63.1805
11.0846
96.3618
27.978
10.7033
11.0345
16.7625
64.2141
14.6544
63.2835
50.4901
52.7671
10.638
87.2321
97.8184
18.263
99.7095
80.2899
32.9246
90.2118
67.7707
75.9208
57.5207
35.9313
90.0259
99.6626
3.16732
61.9401
30.5524
22.132
49.1921
30.3556
66.0809
42.5416
29.5569
34.2304
83.6211
57.7023
38.4916
89.8245
33.0505
54.5022
66.2468
15.3757
66.9401
76.8105
54.9697
72.5341
65.8772
76.5537
61.8315
48.8709
89.4399
69.2255
36.3106
55.4232
85.6329
56.5526
25.23
28.3826
78.2292
55.749
22.7647
91.6434
84.5456
12.9709
7.28363
38.588
2.36562
42.0442
85.8
61.5763
64.4361
71.685
94.321
83.7524
48.2022
30.5571
93.264
4.55833
4.87693
93.4514
51.1448
21.2144
41.8459
35.7709
52.0043
2.73795
67.6048
10.0047
31.7643
90.9832
27.8928
94.2037
46.5162
64.6054
36.792
2.15935
91.0678
41.2305
52.6683
25.0125
34.9182
43.4845
58.2348
47.5971
36.5057
86.7357
97.7121
50.5594
69.6606
48.5593
19.8668
15.3304
38.6375
9.44567
21.6414
91.0648
95.5191
51.2951
42.6601
37.7425
18.5734
67.6122
63.2855
1.61403
47.3019
24.3979
74.0671
14.9366
4.53801
58.5638
5.5081
99.2783
29.0176
4.28112
95.9604
29.8456
38.1855
46.3217
61.7039
67.0697
23.1358
58.1617
87.9087
81.5437
15.1177
73.7978
93.1525
21.3944
57.2043
29.9731
37.4312
34.3899
33.1125
98.8963
28.7633
90.9691
1.96767
45.147
3.21529
99.9502
35.3804
44.2057
2.32037
60.5659
59.0817
5.5874
64.0255
38.1641
85.2606
45.3212
85.7274
56.3987
54.7772
37.2193
34.7918
45.1903
66.4086
44.6095
9.45714
12.9666
93.5833
15.9723
23.6525
91.6086
57.6416
1.54947
76.6139
89.3526
64.6901
68.1565
21.8252
95.7513
27.1899
21.1236
96.6621
11.1125
37.5523
1.67431
60.045
31.3575
64.2845
63.9975
30.2118
88.7051
57.3551
14.257
22.3589
8.06259
73.096
99.9657
69.4266
58.7334
80.3118
48.7693
49.7785
46.6311
5.93037
43.5631
39.1594
73.3881
95.6611
48.0775
90.3208
97.2367
85.6431
49.543
55.4787
21.5675
29.8054
45.5223
10.0794
24.6366
25.5669
52.1107
45.3049
79.4717
43.3808
50.6272
84.3171
92.2213
98.2815
79.5097
99.7692
30.405
18.5449
36.6498
30.0123
73.6788
99.0788
76.1264
49.0157
60.8179
73.4327
64.2621
33.1916
57.5735
16.1054
95.1394
35.2238
28.3666
98.8575
54.7843
45.5708
36.4891
44.736
75.4081
29.5861
26.6871
79.8339
93.7208
25.981
70.7477
54.7279
40.8019
56.4322
37.2096
45.7875
65.2787
46.0296
58.4739
24.3798
79.8382
56.9119
2.1477
97.6459
67.108
3.77872
54.3239
53.4322
82.1687
81.1859
24.4913
60.6795
47.2114
46.4929
7.69544
31.6525
19.178
61.1026
69.6551
32.3462
57.7304
34.9332
24.7599
72.8353
12.6524
25.8787
21.6837
28.6399
48.0703
81.4708
83.4497
66.1095
43.2107
47.1156
50.0493
74.4338
59.7398
2.05448
21.3551
56.3599
65.4193
47.6265
12.3418
35.9077
44.4564
53.0677
85.5603
64.2951
38.7322
66.1097
76.9076
72.7299
67.1292
65.0629
80.655
64.4473
49.9042
23.0857
35.6744
18.463
80.3427
61.747
81.2553
78.8165
89.5099
30.1688
16.4074
36.7962
57.9864
77.8309
68.3
70.611
64.9237
8.47886
7.69244
88.6942
5.43734
85.5486
2.4762
94.4405
63.8875
4.85137
33.8486
21.2132
48.4815
38.8809
14.0846
92.3957
96.3273
65.1509
16.3386
44.5137
62.6776
83.7121
41.761
56.0152
96.772
67.4041
31.2539
23.6646
38.7857
84.1741
50.8436
84.2438
79.6201
86.9706
50.1132
5.58081
32.1353
6.23926
67.7344
35.2376
95.1854
77.7972
52.3596
34.4019
1.79392
73.1214
21.7278
47.908
55.1321
85.9868
80.5941
6.03773
76.7968
41.9773
46.7751
20.2022
19.7733
79.5342
91.1074
93.8328
45.4528
74.2457
99.242
2.69772
67.0631
53.1918
31.2743
87.9336
32.2794
69.8811
80.3526
72.6833
91.7383
41.4326
36.0655
59.4726
94.4215
90.3108
73.1418
66.0933
99.6043
95.7155
81.407
97.6837
61.8443
45.1181
92.0201
16.3742
16.9975
92.9588
40.2457
73.8363
44.0845
42.2794
77.4539
5.40949
87.2802
75.8768
66.4123
85.1841
61.93
12.3755
14.209
97.8853
78.8079
36.2933
82.1544
35.2735
5.28966
26.4007
14.5785
68.1031
93.4363
53.908
21.9822
52.9767
6.30438
92.8964
97.3504
66.5294
46.628
21.3596
95.8419
77.843
4.81146
49.5253
28.8354
88.5652
6.03571
28.3079
93.7524
47.7233
83.5874
74.5327
31.9282
25.2197
79.8784
84.7367
7.23894
85.6941
68.4603
70.9439
92.1358
74.9589
77.1143
93.0791
65.7689
75.5512
29.779
90.6231
92.528
17.2325
77.3721
85.639
8.98977
43.2842
13.8868
97.5125
78.3685
55.3133
26.8638
48.9198
15.831
24.867
54.4474
49.9001
4.48289
47.9491
54.6494
83.5807
71.183
98.6451
41.0859
6.09601
83.5924
77.0418
31.3563
56.7118
98.5485
45.2022
60.3788
18.7541
9.02772
77.8771
25.7536
55.1488
8.37705
58.1398
74.8326
57.1269
56.5871
35.6741
43.0827
64.0971
66.558
11.8939
37.7832
58.4516
41.5843
70.9992
85.0645
71.7673
30.2388
98.2672
99.9473
67.065
48.7153
86.8374
11.4156
85.5091
62.5651
64.2276
38.1264
86.068
87.209
93.202
41.2396
3.40446
40.1551
10.4707
29.1067
4.29024
32.7452
56.2326
83.4078
42.0707
25.1128
43.062
27.8018
78.7862
7.26861
73.2426
77.3623
73.7396
14.7424
56.8535
9.66564
99.7662
67.1994
8.47519
64.2597
50.5228
89.722
22.5916
41.3393
24.8178
95.9262
34.1241
50.6515
41.0634
29.1008
17.6177
41.8107
39.3023
13.7188
27.027
48.2236
3.6773
72.2887
82.7629
80.156
22.928
22.1013
78.0653
17.7649
33.7877
14.3599
6.49482
9.33087
62.683
65.5563
14.7373
28.4391
28.4657
78.6643
71.336
61.6586
83.08
41.0711
97.6027
26.7231
97.7271
11.3462
55.6459
13.5504
29.7073
64.5177
82.8526
27.7422
73.312
44.4028
10.6805
42.8496
59.0881
88.1574
19.0347
18.3868
23.2871
28.8664
86.2662
16.5633
52.0061
78.4603
76.1756
65.9218
67.7927
81.4778
64.4157
96.2832
6.71382
48.8125
25.4825
52.9104
27.1885
26.6442
6.83016
69.2011
62.6554
97.665
33.1997
57.3815
41.0619
87.6053
12.3453
79.099
21.9015
93.6293
89.1828
18.8914
89.9818
38.2835
50.0353
51.6736
34.6773
49.5872
35.9187
76.3158
82.4205
93.0438
22.7175
28.9055
79.9568
58.4052
88.0729
43.6273
62.9209
16.1016
9.28887
12.6865
31.3737
2.28247
17.8872
35.7732
97.4616
42.2483
51.3702
98.1789
86.5634
89.2006
80.6436
56.52
93.2428
15.9881
53.4469
35.8542
79.7722
54.5357
24.7499
96.633
86.1393
15.6768
23.8667
15.1468
66.6849
20.6248
45.0781
69.0264
75.6218
62.5541
44.8236
60.2601
47.9505
