27.6614
15.5158
74.6839
74.4548
43.9248
64.9224
46.5443
60.7372
56.611
6.39305
8.99616
4.49178
7.06516
48.8329
31.6422
28.9066
77.0714
67.1072
73.7669
76.632
68.9768
64.3113
52.953
74.4262
79.4331
34.2899
24.3123
98.5506
30.8499
1.63189
8.76292
98.1575
67.0308
6.89102
10.1349
49.4042
62.2911
7.00861
96.7908
57.3414
82.8201
74.8359
2.04271
31.8909
85.9204
50.3709
32.8222
25.0132
6.59503
88.4698
47.2439
77.9631
84.6624
62.8914
74.5165
79.5144
11.8998
41.1602
25.7743
94.6432
60.5582
70.7602
54.5919
38.9143
73.8081
9.78083
86.1754
98.6812
69.5239
54.1965
48.5256
62.2771
28.905
13.5601
31.356
93.8892
57.0346
67.8636
96.8922
26.1995
50.5248
86.8961
71.982
92.0609
90.1568
8.45504
5.81924
46.5473
78.5959
39.9654
87.8524
32.202
22.5765
86.6439
1.9154
1.47254
27.721
89.8856
19.8086
11.3375
78.1379
61.3558
12.0177
26.5928
52.2031
56.4249
20.4996
6.32773
84.9522
53.2615
56.8858
66.6661
10.939
9.2726
41.0071
98.3869
92.1727
79.3907
76.9321
47.1067
75.3654
39.0825
70.2698
78.3483
20.768
8.78397
32.9199
59.1779
16.218
24.5677
64.4386
34.0355
37.6328
59.0089
5.46991
51.855
16.0984
97.5032
69.0771
44.8964
15.2906
88.0298
36.58
81.4349
23.9597
63.0208
41.3149
64.8043
13.8072
74.47
1.13172
43.1712
45.5681
28.9153
66.6726
22.3589
6.48009
61.0989
5.04892
30.3172
97.5497
43.3344
80.687
54.2583
53.3388
27.9676
5.94797
84.7429
47.7349
82.4288
48.1924
59.4617
6.79103
47.3508
63.4988
85.178
59.1754
20.6663
21.3507
3.99194
70.2496
34.4102
51.9507
65.7674
48.6107
23.4178
86.7378
76.6675
93.3947
21.6597
28.9189
58.221
92.9553
60.5306
79.1129
97.1995
27.4745
19.653
74.602
41.253
57.6869
84.6415
80.9239
98.3958
35.8757
88.9646
50.8608
58.9587
79.3162
69.5048
43.0518
63.2467
78.5535
9.89364
35.7457
55.5991
34.4462
81.0606
77.4137
4.43738
1.20776
87.7216
39.0299
24.8453
34.162
22.0779
84.3247
27.6115
98.0303
45.2125
18.7402
33.6587
87.381
3.93661
21.1037
46.2178
95.47
51.8647
50.4839
17.1052
25.6227
31.2032
75.7396
76.1834
16.3627
3.72185
65.9711
75.9254
66.948
18.5463
50.2244
35.4356
4.17465
70.5098
30.7285
25.9733
95.5507
72.384
85.852
69.2837
91.2559
64.3279
26.7106
84.1193
16.3493
95.0067
82.3277
65.0519
48.6066
37.1213
57.9836
8.55234
18.4853
3.23894
49.2202
35.2949
48.8197
17.8513
29.6976
11.192
7.2174
50.8877
11.582
80.0463
98.3702
70.2497
49.3403
70.9878
33.4438
58.0386
21.4741
78.1998
24.5381
49.8299
15.2435
47.8772
32.2105
57.3699
82.6127
84.3583
28.9997
12.1489
10.5398
56.8917
75.5988
40.4591
6.62102
86.4489
86.391
93.129
16.6971
98.2141
74.9121
75.6293
89.7037
47.1326
37.2723
60.9294
30.4314
3.97885
2.20186
51.761
46.5058
49.4941
76.9985
82.3004
23.9607
79.2149
18.091
25.5512
81.4569
84.1514
49.3026
10.1061
50.0975
64.7217
74.6065
66.1985
93.5373
56.5555
83.7904
95.2662
41.4275
33.7979
92.3307
66.1578
39.8627
51.386
15.022
42.0534
82.001
44.7567
22.0095
91.3674
22.3764
24.9197
12.8969
16.3133
83.8739
44.9504
6.7195
88.5741
70.6025
86.623
76.5954
46.9953
74.1036
1.99794
58.183
62.7662
30.1237
57.5146
10.2972
31.4982
55.284
51.0774
87.6801
98.7797
20.2478
64.8455
58.7368
5.78874
53.9502
59.7278
80.1633
47.3615
24.5734
53.5389
50.9689
12.2789
56.5837
64.1811
23.4614
33.3474
89.5218
53.3826
46.7741
87.7158
74.5307
96.7684
61.6971
79.0308
52.2171
98.6765
49.9979
17.8833
55.2556
70.2933
18.021
25.4545
88.4129
2.79475
26.2154
18.1997
74.648
6.65605
90.006
12.9388
78.3534
34.1813
41.7359
64.9243
59.3915
21.9213
87.3237
59.9365
64.0734
98.1247
15.5579
12.2619
73.3867
63.1988
19.9339
59.3073
61.4936
39.8273
50.1203
51.8128
48.899
46.4027
29.5802
26.0291
59.7287
31.2989
29.4188
93.7269
93.2615
4.67105
2.03023
30.2896
19.2527
68.8027
1.03067
74.7562
9.25951
28.9535
68.7333
89.4856
78.7212
62.922
44.9898
23.4571
55.9294
51.8982
76.7646
40.2989
26.0523
89.9933
10.2906
98.5739
81.944
17.3897
41.5965
29.9072
66.2249
80.7427
32.0779
85.8928
64.3135
79.0425
73.0244
44.3227
35.93
94.8745
46.2849
70.3624
94.4885
24.108
88.7727
76.573
43.3177
93.1855
47.6809
74.1592
8.59947
23.6651
36.7329
7.74122
72.9034
57.3579
6.58831
19.8881
68.7859
33.3304
86.731
25.7192
34.6741
20.8088
71.5232
79.8127
16.782
81.7541
82.3714
73.8989
86.717
47.5816
10.0282
77.662
46.5923
82.6809
8.18151
66.0702
97.8091
88.1548
24.2231
59.5458
85.0568
30.6352
45.1398
64.8618
74.317
86.714
51.7941
67.2862
91.1839
42.0283
10.5407
50.293
60.2844
83.6385
65.1851
21.4529
81.7853
93.9527
44.9713
19.3242
35.9408
78.07
43.1905
87.83
3.63198
31.5833
97.2245
96.2529
54.6949
50.9499
6.20694
68.9299
18.2905
24.889
81.4222
28.7595
72.5523
64.8351
76.672
49.3423
53.006
78.0281
52.3871
71.0524
1.93001
51.8539
62.8321
4.42683
53.3258
69.8425
50.7204
82.4403
87.1161
88.4177
42.9614
2.32154
89.7113
53.0534
65.5901
14.6609
98.3231
59.892
48.5954
38.0511
52.1744
2.22365
17.3592
60.6282
42.4217
17.6199
25.4611
83.8161
33.6771
14.6037
58.4354
92.543
73.5447
25.2467
23.2454
98.3897
74.7334
31.2358
43.7648
65.4631
79.9879
93.0208
83.5219
95.0303
28.5876
97.5304
29.6626
93.5444
53.4331
11.6634
52.8903
85.3288
7.0931
20.6945
16.9996
58.2385
68.0267
15.8949
38.7927
16.0272
24.4128
67.4358
32.5942
82.6171
93.4788
43.8788
24.8947
18.3128
45.9243
8.37638
7.46867
92.89
61.7256
69.3098
94.8589
48.5027
18.4888
45.0367
12.6415
64.3766
69.4439
38.2796
45.3468
64.9083
94.9342
92.4765
64.2747
52.3211
74.3528
3.87277
46.2448
22.8571
86.9881
91.5345
46.4426
44.4042
25.9924
17.8283
52.7764
19.8086
81.5059
58.2775
94.0421
10.6057
72.1878
76.1577
14.6647
45.7973
31.0939
44.0064
90.7815
13.097
3.84329
8.23945
30.2592
23.0943
36.096
77.8911
66.7139
92.8685
56.9369
54.4447
95.688
7.9257
41.9735
2.26131
56.944
88.1531
79.135
46.4003
32.9445
22.9047
23.3533
25.7364
88.3989
3.97946
73.981
90.5516
14.0736
96.7477
94.3158
67.4156
23.5422
9.94735
82.0536
15.1971
68.2346
37.2979
55.9196
43.4209
86.3149
62.4616
30.1607
99.2914
25.296
99.8958
70.1722
33.3106
70.6557
99.2368
56.9598
52.8022
52.9336
42.9847
10.8928
24.0372
95.1013
48.3873
46.8762
16.3123
41.7219
52.0895
37.5713
32.6202
63.8762
10.7205
9.38464
75.1703
36.0164
90.2333
95.7144
32.3057
28.6016
37.9267
49.283
49.8174
84.7396
3.69834
90.9819
45.8319
68.0626
68.7111
38.3614
81.5432
71.065
85.2417
55.3157
52.3311
71.9046
19.5202
31.8415
48.8723
16.6929
65.5236
35.7709
17.8399
58.0684
57.5999
44.8209
81.3972
73.6044
88.8118
9.71092
94.1459
24.181
35.0269
48.767
9.22345
99.6703
77.191
92.8279
14.5969
14.0586
15.0971
59.5893
93.5103
26.2818
73.1946
41.7955
42.4278
62.916
92.5001
70.0899
51.6339
21.504
43.4512
7.05879
66.9476
11.8754
93.085
88.1542
81.7373
36.4695
29.6053
39.7921
73.0565
42.2352
97.3236
63.7775
70.2162
68.5771
50.1448
33.8265
44.4196
79.6168
12.5199
26.8088
39.9898
99.2147
53.5705
45.7221
43.4394
11.8499
36.3374
68.1005
65.287
71.5014
32.916
3.22723
65.9312
56.2857
49.1631
40.3734
37.4188
4.83343
53.6207
39.8764
6.11437
65.7252
84.6288
30.6245
57.8658
48.13
70.8941
39.5753
80.8066
76.297
63.1871
49.9426
99.4059
3.90356
34.779
68.4162
74.3664
54.9192
38.5261
80.0555
91.8367
59.6954
2.74525
36.7843
4.8571
27.6964
74.138
10.878
54.7838
55.3471
75.9344
17.8233
43.7298
79.5209
79.2797
49.9482
32.4625
79.909
75.9743
52.4982
50.1777
62.9527
24.735
99.9942
74.8616
7.18139
86.5111
33.021
65.7305
47.3964
81.9072
44.3351
57.4006
62.9247
55.8153
1.24274
36.7649
2.33383
53.7446
66.1517
31.19
48.0499
23.5318
38.9444
64.0698
71.1391
2.41121
86.8408
91.3013
55.8679
20.3316
68.9199
23.7488
75.6776
20.3836
60.8521
17.5298
39.8453
54.5687
79.679
36.475
47.6424
46.2118
52.5988
63.444
32.8273
12.8125
77.9938
64.7855
36.3751
62.3226
48.0194
75.678
36.6361
65.7023
74.2648
46.0497
43.7359
80.7797
34.7199
81.8424
35.3575
18.3078
16.9929
21.1889
62.7488
25.5828
60.1592
9.57167
55.7038
79.8361
96.1566
70.9697
43.7394
97.6168
6.23585
43.4989
62.343
88.4643
12.4868
48.638
55.46
60.9234
22.3936
75.3928
95.3453
90.9848
68.2832
30.8502
70.6453
59.7843
34.4939
37.6203
72.6317
24.4385
59.9827
72.0676
94.7059
65.9636
30.6439
33.8119
76.7643
98.377
49.5153
97.7543
75.5584
25.1422
87.3292
86.5581
94.0245
48.1446
26.8681
54.1196
14.8227
9.03135
56.5581
8.50184
55.7978
78.2944
6.44114
46.5233
43.7473
22.6823
65.5174
85.4334
17.7703
91.099
49.8697
38.1349
65.3844
37.1697
96.5051
25.6067
84.9801
1.36723
66.3884
55.6158
34.1431
13.9405
20.1013
78.3475
24.9048
56.6843
15.8634
36.7279
58.216
59.0349
5.0655
44.4143
43.3425
5.64728
44.9141
57.6907
60.1731
86.1951
21.7427
88.4634
62.8656
96.7477
48.9006
87.3102
71.2142
72.7762
27.3514
83.7505
44.4381
5.99414
53.0169
37.4491
79.5401
45.5078
67.2114
83.8461
60.082
22.473
51.0967
73.3286
92.2679
10.2985
43.6636
99.1662
55.5619
15.2236
72.2466
11.4538
43.6348
40.3383
32.5733
33.8877
94.4989
61.6157
50.8121
41.4957
32.1776
44.4835
8.01074
96.2828
24.1953
57.3722
90.0872
86.557
22.663
39.4768
22.5324
82.5317
98.6597
53.3296
46.3373
39.756
29.6019
98.3695
30.7613
22.0034
84.5869
45.1538
64.8973
89.1192
54.9365
1.14498
30.3139
71.2487
92.8701
71.5925
13.3949
13.0143
7.91133
48.9769
85.7891
68.542
40.0162
27.004
72.2996
36.4733
87.5533
84.8183
11.3891
60.0637
69.9276
55.2633
78.1218
19.9696
24.1854
98.5249
63.2295
12.6488
47.9378
83.3114
51.2072
42.7076
95.2655
68.1157
41.5024
88.6135
84.5714
19.8284
37.5613
46.251
2.83456
34.1242
81.3568
93.1395
25.2524
24.25
21.407
78.9661
18.2418
79.8828
30.3811
39.3963
4.76319
87.4156
64.1812
3.4713
16.8218
10.4455
71.1829
85.3999
56.2912
82.8207
23.2738
77.1609
3.13576
21.979
11.1575
2.60467
72.0864
88.3934
30.3418
29.5896
20.7314
59.2594
38.8098
43.8809
66.2268
96.4452
3.13984
72.8881
56.8538
60.1166
89.701
51.1007
15.8634
82.1246
44.4236
8.73304
66.1257
67.7532
48.5189
86.2447
85.3154
33.1459
90.8763
44.6271
16.7482
50.574
13.0087
7.54167
2.70975
67.19
24.8689
43.6068
17.0595
27.1362
7.74141
25.2679
43.1247
83.6114
87.0529
28.7954
34.8137
77.8943
58.9215
27.874
77.4477
17.3462
29.7024
36.565
26.9467
21.3685
25.5595
58.2462
32.2485
35.5041
70.8091
35.4102
81.0716
13.3174
41.6413
48.4109
41.2518
81.2158
62.113
63.5697
65.0345
62.2659
52.4232
54.3507
43.6264
83.8487
16.1181
63.3136
56.2174
34.0479
18.798
32.3743
5.76512
16.225
91.2884
10.8175
74.2633
78.0111
34.5611
54.726
83.571
52.2972
40.3807
93.6259
12.7718
86.6432
60.6001
53.0317
82.151
88.93
74.5469
47.5131
87.2918
86.8795
24.9592
60.0642
62.0434
41.9316
37.5024
31.9791
30.805
35.8209
98.0771
43.9629
28.3809
48.1266
71.7741
16.1441
10.7861
24.7362
57.4227
18.1116
54.7424
35.4492
65.7317
53.8512
7.03372
37.2545
7.95044
85.3978
2.93406
82.4614
84.3575
39.1071
6.98901
10.9065
53.7681
38.6635
47.3523
59.5267
47.592
79.8422
97.6725
6.21331
92.3933
30.6228
29.3116
35.7372
44.0289
60.8274
2.85043
83.3049
60.4123
37.7757
40.8837
86.9862
5.4407
56.8527
24.1242
41.7533
83.8128
35.3469
23.4808
41.3242
4.42591
56.1742
73.3449
59.7666
99.2137
18.3338
88.6675
13.8993
57.777
85.757
70.5089
61.4795
6.98688
64.2573
68.9039
81.3627
87.8453
92.3157
71.8785
72.7536
67.2835
32.5524
45.934
25.9212
86.0222
47.6614
83.1623
43.7849
76.3917
33.254
23.3824
31.6458
61.2776
49.3401
54.0108
30.7349
90.6187
11.604
74.9038
17.2319
29.0577
2.48459
48.883
96.6709
74.682
71.688
43.5412
64.6514
74.1007
83.1734
16.2437
96.4683
42.9179
18.7604
5.13981
60.1008
10.2951
38.161
92.4336
82.0828
93.1145
13.0534
29.0215
3.75758
75.0597
77.0117
15.6354
90.3584
94.8995
66.0711
64.9429
42.6394
23.4502
89.5838
26.6452
45.3867
7.80813
52.3047
51.0675
52.833
55.8836
48.9739
31.4278
37.6278
14.8874
72.0613
34.6006
95.0306
28.8077
89.5382
41.1625
73.4335
75.3835
12.3426
80.4874
63.3161
78.9316
69.4001
15.6888
10.3519
12.1847
85.2382
99.0994
53.659
49.6421
42.3556
31.4836
52.7768
16.1051
11.2457
52.0976
55.0468
17.7291
17.2852
64.3777
98.2114
36.3047
37.4756
2.32186
2.06145
64.354
67.2991
81.4263
57.2536
23.1047
74.6535
98.4229
90.4039
87.5049
65.7017
23.0425
17.7045
9.55521
85.0586
59.8244
33.2826
77.3606
95.3977
6.37874
98.7597
83.306
85.3613
42.1587
52.9153
27.7373
18.1286
73.5315
35.5399
7.90541
12.0735
96.9276
79.2104
41.828
16.0458
3.18884
6.67468
66.4935
35.2197
10.2809
18.1198
14.5887
21.2525
1.67484
41.6842
67.3809
21.7195
6.57434
71.9231
43.7114
50.1858
35.0996
5.46662
37.0279
40.4585
31.3303
92.3119
16.2531
84.1005
49.0841
19.3878
95.6099
27.7695
8.21233
4.28689
70.7131
68.179
11.9976
65.6906
52.3735
1.49612
81.875
61.0118
6.89323
98.084
77.312
9.77921
21.3571
24.6342
14.1191
98.7117
4.26878
35.3705
89.2634
43.8329
1.70764
29.1299
32.8856
24.0118
94.5183
84.4046
14.9908
48.9479
97.2872
29.6318
48.7406
81.1771
2.13776
69.68
19.6031
54.9515
86.7873
10.1386
95.1567
82.0149
80.8332
60.0774
87.5312
54.3533
46.9017
50.0781
71.7119
67.5353
36.343
26.6163
46.2875
2.10986
7.96948
51.697
48.408
56.2662
50.7524
27.6629
31.5493
1.14061
88.7295
65.0198
58.1265
17.5215
51.3066
58.9459
32.1663
6.45181
33.6083
62.5059
41.6683
56.5452
29.4051
7.38255
69.4709
30.8461
91.3323
48.6666
37.3095
37.5921
69.0177
73.8933
63.8301
81.9252
93.2512
29.1252
91.5456
96.4496
52.1013
11.7774
75.0082
73.0672
99.7641
69.923
35.8395
64.0538
75.1838
41.2015
25.6324
1.38797
14.7612
28.3675
10.1862
54.2465
26.4771
8.03425
55.7383
53.5361
31.0106
10.9398
55.5897
29.4222
88.4432
36.2328
39.6535
12.4848
29.2038
66.484
29.7837
80.3018
90.9036
99.583
98.1674
63.9818
87.2034
26.2594
69.0866
30.6179
1.4455
54.5593
72.6079
60.1859
6.71811
80.9858
58.6362
88.0819
86.38
60.4271
19.7232
19.0299
42.935
86.3684
94.2358
59.5661
37.9073
59.4382
66.7404
46.7178
14.996
3.08137
38.1062
15.9306
70.0207
39.556
1.4042
31.8898
80.8749
86.7855
64.9142
19.3509
64.2571
28.1027
21.9689
47.7204
42.6945
66.8016
29.673
24.7064
48.4068
49.3128
14.5361
14.7555
83.6667
54.281
88.3226
95.2968
24.889
81.7319
42.8759
9.1034
6.05701
73.0426
2.25354
89.8854
52.5638
93.4659
63.1314
81.6521
80.2497
58.22
34.3406
24.5678
77.0645
89.5974
87.806
38.8836
12.6096
75.2531
76.0722
37.8227
29.5169
49.0307
83.2071
9.92402
94.0918
26.6295
77.3651
18.1441
76.8198
62.6787
70.9539
81.5336
97.3344
79.8987
54.3257
52.8452
60.5847
6.18632
60.6053
88.86
12.2469
69.628
70.6243
73.862
2.07059
48.2388
9.03401
24.3777
38.2831
39.3911
44.3338
40.0232
11.3765
59.7537
94.0384
36.6907
20.3287
65.889
37.1863
12.4105
96.6057
3.83212
3.149
89.5778
68.6494
17.7544
88.9159
62.9168
41.7435
26.0336
89.3194
80.8954
39.599
6.92153
35.6917
95.8912
5.05516
85.7958
48.6344
9.53417
89.7436
76.6636
17.8844
85.1069
68.2258
85.0786
4.64456
32.3374
57.3614
9.81795
57.18
52.8248
47.6645
50.9421
39.3899
65.6268
35.8496
9.84195
68.8394
88.173
81.9281
99.2923
82.1237
79.3709
78.3353
82.8035
74.1574
91.5007
62.7588
78.2338
26.8681
6.43433
12.6572
56.3615
26.8338
41.2136
32.7087
49.2863
81.8631
95.3747
40.5193
45.839
16.4807
8.62749
3.9379
94.1655
36.6453
58.7383
33.4509
11.7895
84.1996
86.4675
99.9323
11.3723
30.0735
22.3333
2.45938
46.8013
50.0386
92.7341
99.1033
44.551
5.21006
20.0441
18.832
89.4596
56.8996
72.1921
53.489
76.5603
86.4626
89.4581
16.6456
99.206
94.0055
27.3813
6.08272
54.6825
60.8224
13.3635
30.2832
50.5972
86.3133
73.9528
85.2686
75.8033
69.7255
17.9532
15.7529
72.6134
97.1974
11.5861
96.9984
92.2681
5.82366
33.9929
42.7071
28.2338
65.3164
61.6851
59.688
49.8055
46.6455
41.2269
3.07886
17.7487
77.3665
9.42447
3.24236
95.595
30.6321
83.8449
74.8035
37.0247
62.6667
56.755
5.95787
4.55762
77.7885
8.46754
55.2947
14.3539
96.2709
58.5922
32.4134
54.0036
61.7258
99.8418
96.4789
73.7489
29.8993
44.5843
1.0795
57.7608
45.1295
21.9503
60.2577
57.6789
13.9406
77.9691
63.5588
56.5006
77.5084
97.6566
39.3467
31.8475
52.4878
68.9212
33.7124
79.3299
56.8491
66.8425
37.0716
88.2514
90.5167
17.6889
86.8096
65.4591
81.9235
22.8431
50.4656
75.6898
49.0821
26.2055
90.3177
27.0505
33.7576
65.246
6.44244
75.0308
15.5884
8.95294
59.5982
22.4878
61.309
77.4153
62.2196
23.3054
53.4043
7.52261
43.6015
31.2236
10.0618
84.3149
2.68977
58.3766
37.1048
46.3114
42.3778
24.7897
52.6759
6.05934
47.0588
63.7436
80.5988
44.2625
38.857
52.328
46.9602
95.2841
28.9671
40.7854
45.8098
30.5274
11.8593
21.4922
60.3355
78.5057
38.1965
29.6195
80.8547
34.0215
40.2793
3.62849
22.6245
46.2791
98.019
88.2562
5.38179
22.1788
98.2075
78.3384
69.1115
90.4339
17.0094
91.5557
34.2386
10.0432
44.212
86.6462
78.0284
6.12662
76.9451
87.803
27.9062
24.6463
16.2404
19.7476
96.5533
52.8277
78.6662
95.8459
94.6403
41.1512
16.8237
92.3771
12.5991
73.8701
66.646
47.6956
58.1721
63.3153
80.9873
93.2136
81.7274
50.4597
69.6124
29.4398
84.1396
82.8728
64.0433
54.845
27.2249
1.66493
91.731
78.171
52.84
62.1725
20.4823
17.6985
84.2961
46.6569
24.2958
89.0802
5.90534
74.9553
78.7529
8.92172
21.5946
63.6561
17.474
40.419
52.0769
51.1785
5.07148
58.4724
5.80063
58.6201
22.9057
82.2778
75.8156
26.9984
51.8035
10.0203
24.2322
13.9455
37.2833
18.0093
7.31347
55.6713
87.7083
30.11
25.1514
95.2455
76.849
96.7477
1.14716
4.31445
86.2215
70.0519
2.40216
10.8187
52.0598
33.7333
31.0723
98.0856
32.6877
74.5964
90.9779
45.6864
72.7981
19.7499
81.5788
18.4674
8.47444
91.3101
7.65672
41.3471
92.3381
28.3695
63.5959
88.9188
83.1848
57.1989
62.5788
65.3002
12.2842
88.6247
93.6693
51.1252
55.5403
18.3659
12.265
93.4969
74.7155
99.1051
1.95527
59.8011
86.7784
65.2154
23.0151
67.5118
81.2046
3.00729
72.7343
75.2525
55.7627
53.4247
77.5548
91.1639
47.2869
27.6753
34.4419
59.5869
33.2934
70.8097
4.55987
25.1934
84.2249
49.3433
99.3046
72.5453
39.8135
40.0016
29.8296
61.1364
2.73014
4.64303
16.5795
5.60603
14.933
40.3069
76.6608
54.1773
16.567
86.7493
95.0344
12.9053
25.443
31.3571
42.0117
25.2752
25.3605
65.2852
21.8234
16.1579
89.664
65.318
52.8603
16.4847
45.1393
83.1018
22.1506
78.1648
26.1063
56.2201
85.6434
61.943
26.2716
82.0439
3.34738
61.9195
80.5601
49.5875
71.9724
99.7183
35.7948
25.337
45.243
60.0538
20.2868
55.9905
5.81728
22.124
21.3422
17.8469
60.2107
27.4518
12.8134
17.0702
84.2007
8.66625
92.5032
75.6295
46.1622
99.2428
14.7822
29.9785
99.9204
37.1507
40.1682
98.6107
50.5267
38.2956
40.2182
26.2105
81.2137
41.6133
68.5841
60.5959
53.5085
62.5
1.1694
13.43
60.5746
5.64285
71.4197
82.3351
2.23487
98.6043
73.9061
60.5077
15.765
28.0652
34.1449
94.8067
54.5079
93.5189
67.5941
16.1252
92.3426
84.5033
18.0948
63.441
29.1274
10.0848
12.9315
62.6748
59.316
18.547
3.82177
83.9069
47.2053
74.1183
7.42862
84.8633
28.806
87.8026
6.37347
30.2999
34.6054
60.8823
23.1178
11.0852
8.98471
65.5993
42.7037
68.7999
8.33715
28.7977
92.1938
17.3863
74.9036
80.5902
42.017
34.1455
66.8117
8.50756
21.709
14.2929
92.0158
46.6798
41.3862
12.4879
74.2064
88.0758
45.0572
43.5885
80.822
17.8465
77.1594
82.5068
41.2685
17.384
76.9582
91.7893
40.016
79.4737
98.2522
81.1535
85.8275
97.3844
96.9509
77.717
61.8707
41.1835
64.7752
8.34388
79.3681
55.9678
49.3633
19.0775
4.96678
16.4364
12.6722
41.3347
18.9334
34.2521
34.6332
8.31898
16.4553
97.2398
52.8561
51.2281
91.4029
53.8303
34.2174
78.585
86.1002
23.8969
2.03612
13.1778
56.9601
22.7972
11.0572
75.6911
6.37135
58.4146
84.1346
16.7667
65.7503
76.5621
35.6262
76.0492
65.6148
33.7098
94.9083
72.9249
95.6049
61.1621
22.009
45.9921
76.4472
66.9498
39.1695
8.73371
80.0868
10.2649
14.1838
11.5632
47.1372
40.2147
37.9976
38.687
60.2036
11.7888
84.4654
7.41274
83.9872
80.1489
67.9384
1.91019
26.5933
78.4833
86.7627
88.885
82.521
41.939
7.93626
30.8144
83.473
42.7523
14.5121
63.3391
25.2158
89.5376
76.5714
68.3298
7.78943
65.8577
84.1292
42.5779
73.9562
66.9626
72.3682
83.0311
60.2002
21.1325
68.4225
54.7557
38.4169
13.3837
76.9742
7.04709
36.1282
87.2589
10.034
2.06311
70.8555
32.9774
15.9402
91.4706
87.4797
70.2255
97.1
38.8135
98.6298
46.8437
26.7827
5.74973
44.7941
97.9634
51.1724
26.212
52.6588
8.06859
89.6997
58.1853
43.1308
34.5001
34.5251
34.5443
50.9876
19.6606
29.914
75.6972
70.1432
12.8122
86.8908
49.8139
31.5021
6.86782
36.14
96.1095
15.2834
